0
5.8022486218323195
5.8022486218323195
5.8022486218323195
5.8022486218323195
5.804080824226645
5.788189946574924
5.8389604099735735
5.825796077572058
5.862176024212616
5.862176024212616
5.862176024212616
5.860856161086154
5.876561610509128
5.864117125497351
5.8869857209887755
5.884227470726977
5.884227470726977
5.884227470726977
5.864097768076483
5.8707528836717415
5.8913776475378015
5.883643253904083
5.878937235516027
5.878937235516027
5.878937235516027
5.919394888245854
5.92244470028097
5.939572051948197
5.922006961040388
5.932456538425903
5.932456538425903
6.5404373997255405
6.527421838642809
6.529634758417778
6.520679325256964
6.524437408815523
6.528145115918868
6.528145115918868
6.528145115918868
6.528145115918868
6.528145115918868
6.528145115918868
6.528145115918868
6.528145115918868
6.528145115918868
6.528145115918868
6.508771617453029
6.502176160442808
6.503129025733877
6.503744690326897
6.489349028739348
6.489349028739348
6.489349028739348
6.494460416815912
6.488980101592901
6.5292064513645585
6.52364038898375
6.540624971633235
6.540624971633235
6.540624971633235
7.599906601533881
7.5749303837772715
7.572770198504351
7.56968565887032
7.564713824293079
7.564713824293079
7.564713824293079
7.56384627742402
7.5721703971355225
7.584567292474716
7.583370905255485
7.572825719789023
7.572825719789023
7.572825719789023
7.571781962510684
7.570482464334198
7.563107780027458
7.552321216311775
7.538676271090779
7.538676271090779
7.538676271090779
7.542843368592052
7.540571712013993
7.551073595165761
7.547115506361628
7.551748854033455
7.551748854033455
7.551748854033455
7.559892261609889
7.5425685489513015
7.541867565936265
7.346240066413877
7.336907560126626
7.336907560126626
7.336907560126626
7.336907560126626
7.337437691929736
7.346478014776778
7.351507514317639
7.341003701854817
7.341003701854817
7.341003701854817
7.3432140492150495
7.3339979446945165
7.330627223921326
7.331537215633496
7.341067369119486
7.341067369119486
7.341067369119486
7.339103116102137
7.3541601026442365
7.358381649590719
7.357020627828504
7.359715232262424
7.359715232262424
7.359715232262424
7.355850179124509
7.358214442632999
7.359946963956382
7.361504346709964
7.349860097048371
8.011239557456499
8.011239557456499
8.011239557456499
8.01153345583986
8.010125058772964
8.02825929644068
8.045652035561297
8.045652035561297
8.045652035561297
8.045549567707724
8.04459648804876
8.0448483703248
8.046724732505396
8.04163285190723
8.04163285190723
8.04163285190723
8.043171584653983
8.050925271398214
8.05105560707807
8.04707329470186
8.043179945001874
8.043179945001874
8.043179945001874
8.047891536955184
8.049302013390658
8.047724973101154
8.048024445049776
8.047723258158001
8.047723258158001
8.047723258158001
8.027537305371986
8.044794222885812
8.042281616794327
8.03939772550956
8.040380387937965
8.040380387937965
8.040380387937965
8.039963013647366
8.041867886757935
8.062037333216068
8.062037333216068
8.062037333216068
8.062037333216068
8.062037333216068
8.060082726753976
8.050431669775492
8.053517066881092
8.050882914193423
8.050088895512182
8.050088895512182
8.050088895512182
8.05228638079874
8.046500162590284
8.049413422276594
8.057489518334158
8.048611043247469
8.048611043247469
8.048611043247469
8.044998086753488
8.040917593881595
8.041343328520078
8.684076867282378
8.67204482609963
8.67204482609963
8.67204482609963
8.668231649992187
8.665895039942086
8.665990433655146
8.672154153725828
8.670691521581624
8.670691521581624
8.670691521581624
8.659016188575336
8.656592116424278
8.658022164648521
8.657962570373847
8.660263166617668
8.660263166617668
8.660263166617668
8.661756453370785
8.663621025317184
8.661239612377138
8.666854550637886
8.666208874539642
8.666208874539642
8.666208874539642
8.658847909778146
8.671317047097787
8.670818856110962
8.674030944642219
8.679594648976185
8.679594648976185
8.480994367475958
8.477158468371691
8.475618878153362
8.474768909451655
8.475997237487164
8.47008475658884
8.47008475658884
8.47008475658884
8.465496426174866
8.466983067523252
8.470436105567934
8.460140229962775
8.444163819521144
8.444163819521144
8.444163819521144
8.447413208066045
8.447516533391195
8.448682909105194
8.447828009941908
8.452822138780185
8.452822138780185
8.452822138780185
8.451771521729214
8.452591693293591
8.45635406421004
8.45592961577892
8.455990067525171
8.455990067525171
8.455990067525171
8.454993256815719
8.452675082404554
8.54251751997053
8.541649973101471
8.540633226177839
8.540633226177839
8.540633226177839
8.53664212471795
8.536381667726125
8.535518622582856
8.539184099210985
8.55137691631461
8.55137691631461
8.55137691631461
8.55104829033234
8.555477345400696
8.550503581512402
8.550503581512402
8.550503581512402
8.550503581512402
8.550503581512402
8.55115761795853
8.550541524629729
8.547017530811964
8.548821865380013
8.560283259227589
8.560283259227589
8.560283259227589
8.55647994404329
8.558690934507204
8.556413275628096
8.555079907324277
8.361671834881939
8.361671834881939
8.361671834881939
8.361671834881939
8.361671834881939
8.361671834881939
8.361671834881939
8.361671834881939
8.361671834881939
8.361671834881939
8.35800464331065
8.359452055334344
8.358841535570797
8.358313547446635
8.363167479681898
8.363167479681898
8.363167479681898
8.354012041275503
8.353831114772547
8.353887064793007
8.35249731773294
8.344500109060554
8.344500109060554
8.344500109060554
8.343708662794043
8.347058589881463
8.347907915479489
8.349640008067091
8.350449889972523
8.350449889972523
8.350449889972523
8.716204236416075
8.720427927041492
8.714810845101795
8.715586642512008
8.713868269469657
8.713868269469657
8.713868269469657
8.710748144765148
8.714932177330084
8.705733222241108
8.700425044437388
8.69735379561282
8.69735379561282
8.69735379561282
8.69807943093572
8.698492946604219
8.697764953234483
8.701108449285066
8.695686656497266
8.695686656497266
8.695686656497266
8.689211888611652
8.6907585529705
8.690630146601691
8.686299486396912
8.683070677169887
8.683070677169887
8.683070677169887
8.681800761762837
8.68885132181309
8.850702347223482
8.85701891160295
8.865407984786486
8.865407984786486
8.865407984786486
8.866493115068472
8.86164947249214
8.863123466134752
8.859368383726718
8.87649916528025
8.87649916528025
8.87649916528025
8.87605606684231
8.879165687519993
8.884064851380998
8.882927629700653
8.883977475027201
8.883977475027201
8.883977475027201
8.887237732024353
8.879830506671219
8.879374267481346
8.885677455304197
8.88301616364108
8.88301616364108
8.88301616364108
8.884710741847144
8.887374970350415
8.888690953417985
8.887074512309475
8.88015396638724
9.401706125323265
9.401706125323265
9.401706125323265
9.396802845598685
9.395384394677535
9.397761713190803
9.39413563738168
9.39413563738168
9.39413563738168
9.396186044855824
9.401527621177507
9.405271535018237
9.406670114035563
9.408671538445816
9.408671538445816
9.408671538445816
9.407525399061058
9.406616972234517
9.40912788481964
9.40444615431403
9.401523055141354
9.401523055141354
9.401523055141354
9.400284330262963
9.398783454886377
9.39672310074193
9.400795233265931
9.400795233265931
9.400795233265931
9.400795233265931
9.400795233265931
10.572543673377488
10.572543673377488
10.572543673377488
10.568939334472873
10.568939334472873
10.568939334472873
10.569774511789866
10.566796084263615
10.563323838855595
10.560425670669048
10.55610821552657
10.55610821552657
10.55610821552657
10.555874854636613
10.55693432508162
10.553368808202698
10.55927310024746
10.55115162250663
10.55115162250663
10.55115162250663
10.548286724217313
10.546594782736356
10.548704891669125
10.548263786852601
10.553574215519212
10.553574215519212
10.553574215519212
10.550771805471143
9.244066524212762
9.247690499216517
9.250202097778903
9.24686784098457
9.24686784098457
9.24686784098457
9.245037010544763
9.245410375106623
9.250537819338483
9.25139220401882
9.2461907171162
9.2461907171162
9.2461907171162
9.245696942107998
9.24517562082535
9.239350023234664
9.246100103807194
9.24323591293193
9.24323591293193
9.24323591293193
9.240920182314753
9.24443388647358
9.243720105695246
9.239240759918836
9.239774514539363
9.239774514539363
9.239774514539363
9.242777229948054
9.245271078848774
9.251933097090237
9.24930123813904
8.7550072882321
8.7550072882321
8.7550072882321
8.7550072882321
8.7550072882321
8.75271370181843
8.751510819251997
8.755202963246205
8.755202963246205
8.755202963246205
8.751007119010275
8.754251705714339
8.753795059225467
8.760203265879838
8.765326551374542
8.765326551374542
8.765326551374542
8.770783071761265
8.776362339204375
8.7760593087487
8.775834029528362
8.785184757086647
8.785184757086647
8.785184757086647
8.784105157496349
8.782758991429226
8.780328102379123
8.779798292127857
8.782144827411472
8.782144827411472
8.594493943113747
8.594493943113747
8.59628736635596
8.59799744336079
8.60321320716519
8.608449121551672
8.608449121551672
8.608449121551672
8.608038821401593
8.613985794094141
8.612117513583172
8.607398654558231
8.60595902408911
8.60595902408911
8.60595902408911
8.601085305697183
8.602912298951672
8.605978295762824
8.605872848195517
8.6090787843682
8.6090787843682
8.6090787843682
8.612021755444694
8.61156538763408
8.602185677536461
8.601708151614666
8.600182045136897
8.600182045136897
8.600182045136897
8.600182045136897
8.600182045136897
8.287660790267445
8.287035521992749
8.290011784403262
8.290011784403262
8.290011784403262
8.287767373984586
8.279578756219202
8.277433212273472
8.275703949342088
8.279674857346308
8.279674857346308
8.279674857346308
8.276702367810742
8.281647599332274
8.281259100397065
8.283257030610635
8.278710780614354
8.278710780614354
8.278710780614354
8.279645488944759
8.276173114915998
8.278050677556806
8.275817006969646
8.269906691187053
8.269906691187053
8.269906691187053
8.268673432689972
8.272531090135523
8.269345347418508
8.268409760179729
7.625541532903512
7.625541532903512
7.625541532903512
7.6283514029543085
7.623135767770648
7.621997517124406
7.6208157712323725
7.621957237397034
7.621957237397034
7.621957237397034
7.624013968724064
7.625191620189312
7.620771504262159
7.619859668986095
7.629710302474365
7.629710302474365
7.629710302474365
7.627330304362417
7.6180248084298725
7.615047559927049
7.6165230541449205
7.613818331546376
7.613818331546376
7.613818331546376
7.615299506513459
7.6144451647067015
7.6139935773001355
7.613252078753042
7.609010188293382
7.609010188293382
7.609010188293382
8.100786628018291
8.10241185821048
8.10501175490861
8.107337153517825
8.10361236129328
8.10361236129328
8.10361236129328
8.103094405586582
8.104444880448376
8.107408216474852
8.118814324842432
8.112636477927502
8.112636477927502
8.112636477927502
8.109656442642041
8.110687659398558
8.105976153192401
8.10591302184747
8.10201555628391
8.10201555628391
8.10201555628391
8.101303812000573
8.101844190589041
8.105315492778331
8.09245118968196
8.085778067183561
8.085778067183561
8.085778067183561
8.08522613416558
8.08556901561284
8.086172739914133
8.034690110212331
8.032018314522382
8.032018314522382
8.032018314522382
8.031003496909797
8.030773737400473
8.035037814937219
8.035092435876734
8.032696617414175
8.032696617414175
8.032696617414175
8.032038679472358
8.031039939451865
8.033766999185012
8.037584119661716
8.035603467500444
8.035603467500444
8.035603467500444
8.036892697454782
8.034930952541806
8.03668525364327
8.037817737793148
8.040171647332336
8.040171647332336
8.040171647332336
8.039735644471705
8.039373555661093
8.040580361159996
8.038586525373212
8.033134077976491
8.01837199628553
8.01837199628553
8.01837199628553
8.01837199628553
8.01837199628553
8.01837199628553
8.01837199628553
8.01837199628553
8.01837199628553
8.016526331587428
8.01539106065492
8.015859197262941
8.014910983755179
8.017494738550852
8.017494738550852
8.017494738550852
8.018873059802146
8.016782329727043
8.019273627649817
8.017456645376
8.017016998261163
8.017016998261163
8.017016998261163
8.015398799335912
8.013544559922032
8.011257340234827
8.009275444739764
8.014950899057133
8.014950899057133
8.014950899057133
8.014306809281308
7.6056279939954266
7.608329672569866
7.610808923016968
7.607286837073474
7.607286837073474
7.607286837073474
7.60184176393232
7.601437594704024
7.598793495346044
7.5977477015727075
7.594497305498706
7.594497305498706
7.594497305498706
7.598417579806245
7.604210593476964
7.60491247683715
7.6084158484634585
7.606381218466346
7.606381218466346
7.606381218466346
7.6025013953805
7.598221197378088
7.615058959456626
7.614651124537332
7.62142319925583
7.62142319925583
7.62142319925583
7.618973574451751
7.618072157455359
7.622503913559186
7.05872595042041
7.060440700645337
7.060440700645337
7.060440700645337
7.061714731915956
7.063796308481962
7.068493237671298
7.064647863506096
7.057744531325788
7.057744531325788
7.057744531325788
7.06661550353617
7.061851455759076
7.0641234981993435
7.069761673939865
7.069378962937812
7.069378962937812
7.069378962937812
7.063244611268665
7.065159495359907
7.0624898433489065
7.063132153871209
7.066691089655777
7.066691089655777
7.066691089655777
7.061189637758368
7.067693945539844
7.063277559614058
7.0609650873888725
7.052143033932019
7.052143033932019
4.399004159929319
4.399004159929319
4.3945490591617755
4.390990166250795
4.389695405604776
4.3858947914559465
4.3858947914559465
4.3858947914559465
4.384947263925447
4.383246318992924
4.382493759062477
4.381722934987415
4.3856785585607625
4.3856785585607625
4.3856785585607625
4.380082313180409
4.378350799386126
4.371902034326119
4.369091671229164
4.36619809051556
4.36619809051556
4.36619809051556
4.356520966401106
4.35374265130438
4.356134632581629
4.354029153995384
4.361559490830331
4.361559490830331
4.361559490830331
4.369060587884462
4.370598806148266
5.185317297728865
5.182080149590746
5.17663173231044
5.17663173231044
5.17663173231044
5.201679548943815
5.21484006559681
5.224960245275632
5.253299595181964
5.248095900290025
5.248095900290025
5.248095900290025
5.241486230688402
5.238442163712854
5.223565031834248
5.223565031834248
5.223565031834248
5.223565031834248
5.223565031834248
5.223565031834248
5.223565031834248
5.223565031834248
5.219177949999633
5.210485417624632
5.210485417624632
5.210485417624632
5.218525457002343
5.22552669100007
5.224026358885595
5.228147924646073
5.2276338704350565
5.2276338704350565
5.2276338704350565
5.220620696145609
5.224473658934272
5.22088574061037
5.216864177472679
5.212676800768584
5.212676800768584
5.212676800768584
5.216205360622496
5.220247696009167
5.220305553903891
5.224856562867437
5.222848021443085
5.222848021443085
5.222848021443085
5.22040675698689
5.222483510275268
5.226228903254473
5.249963609350061
5.25404495969353
5.25404495969353
5.25404495969353
5.2469864680311815
5.256495677773877
5.248298013683339
5.246504611877917
5.2477302817515366
5.2477302817515366
5.2477302817515366
5.253420849005472
