0
-1.968933343887329
-1.968933343887329
-1.968933343887329
-1.968933343887329
-1.9724204540252686
-1.9910790920257568
-1.8942828178405762
-1.9296069145202637
-1.814748764038086
-1.814748764038086
-1.814748764038086
-1.8467998504638672
-1.7892227172851562
-1.846135139465332
-1.7674314975738525
-1.7700529098510742
-1.7700529098510742
-1.7700529098510742
-1.8467998504638672
-1.814748764038086
-1.734480381011963
-1.7697117328643799
-1.7703816890716553
-1.7703816890716553
-1.7703816890716553
-1.5974841117858887
-1.5684692859649658
-1.4745335578918457
-1.5974841117858887
-1.5300040245056152
-1.5300040245056152
-1.5297622680664062
-1.6341216564178467
-1.5972423553466797
-1.6349315643310547
-1.6341216564178467
-1.5972423553466797
-1.5972423553466797
-1.5972423553466797
-1.5972423553466797
-1.5972423553466797
-1.5972423553466797
-1.5972423553466797
-1.5972423553466797
-1.5972423553466797
-1.5972423553466797
-1.6915786266326904
-1.7172348499298096
-1.7172348499298096
-1.7172348499298096
-1.769469976425171
-1.769469976425171
-1.769469976425171
-1.734238624572754
-1.7578456401824951
-1.5682275295257568
-1.5969135761260986
-1.487466812133789
-1.487466812133789
-1.487466812133789
-1.5675628185272217
-1.7165701389312744
-1.7169060707092285
-1.7525548934936523
-1.7528908252716064
-1.7528908252716064
-1.7528908252716064
-1.756558895111084
-1.7211949825286865
-1.6627693176269531
-1.6627693176269531
-1.7165701389312744
-1.7165701389312744
-1.7165701389312744
-1.7266905307769775
-1.7335739135742188
-1.767859697341919
-1.808143138885498
-1.8635478019714355
-1.8635478019714355
-1.8635478019714355
-1.8494644165039062
-1.8516557216644287
-1.8138422966003418
-1.8333606719970703
-1.808143138885498
-1.808143138885498
-1.808143138885498
-1.7882606983184814
-1.845893383026123
-1.845893383026123
-1.845893383026123
-1.8794145584106445
-1.8794145584106445
-1.8794145584106445
-1.8794145584106445
-1.864518165588379
-1.8333606719970703
-1.8138422966003418
-1.852626085281372
-1.852626085281372
-1.852626085281372
-1.845893383026123
-1.864518165588379
-1.8797504901885986
-1.8797504901885986
-1.8504347801208496
-1.8504347801208496
-1.8504347801208496
-1.8529620170593262
-1.814507007598877
-1.7896456718444824
-1.814507007598877
-1.8088078498840332
-1.8088078498840332
-1.8088078498840332
-1.814507007598877
-1.8088078498840332
-1.7896456718444824
-1.7896456718444824
-1.8340253829956055
-1.8340253829956055
-1.8340253829956055
-1.8340253829956055
-1.8340253829956055
-1.8340253829956055
-1.7701399326324463
-1.7172348499298096
-1.7172348499298096
-1.7172348499298096
-1.7218596935272217
-1.734238624572754
-1.734238624572754
-1.7273552417755127
-1.7532196044921875
-1.7532196044921875
-1.7532196044921875
-1.734238624572754
-1.7218596935272217
-1.7172348499298096
-1.7273552417755127
-1.734238624572754
-1.734238624572754
-1.734238624572754
-1.7172348499298096
-1.7172348499298096
-1.7172348499298096
-1.7172348499298096
-1.7218596935272217
-1.7218596935272217
-1.7218596935272217
-1.8088078498840332
-1.7896456718444824
-1.8088078498840332
-1.814507007598877
-1.814507007598877
-1.814507007598877
-1.814507007598877
-1.814507007598877
-1.8088078498840332
-1.7218596935272217
-1.7218596935272217
-1.7218596935272217
-1.7218596935272217
-1.7218596935272217
-1.7273552417755127
-1.7678544521331787
-1.7532196044921875
-1.756558895111084
-1.756558895111084
-1.756558895111084
-1.756558895111084
-1.756558895111084
-1.7883124351501465
-1.7678544521331787
-1.7273552417755127
-1.7678544521331787
-1.7678544521331787
-1.7678544521331787
-1.7889254093170166
-1.7896456718444824
-1.7896456718444824
-1.7896456718444824
-1.8340253829956055
-1.8340253829956055
-1.8340253829956055
-1.8340253829956055
-1.8465580940246582
-1.8336966037750244
-1.814178228378296
-1.8340253829956055
-1.8340253829956055
-1.8340253829956055
-1.8800792694091797
-1.8940410614013672
-1.8800792694091797
-1.8800792694091797
-1.8800792694091797
-1.8800792694091797
-1.8800792694091797
-1.865182876586914
-1.8516557216644287
-1.864518165588379
-1.8494644165039062
-1.8516557216644287
-1.8516557216644287
-1.8516557216644287
-1.8794145584106445
-1.845893383026123
-1.845893383026123
-1.8333606719970703
-1.8138422966003418
-1.8138422966003418
-1.8138422966003418
-1.8138422966003418
-1.8138422966003418
-1.8333606719970703
-1.8333606719970703
-1.8516557216644287
-1.8516557216644287
-1.8516557216644287
-1.8635478019714355
-1.8635478019714355
-1.8516557216644287
-1.893376350402832
-1.9402225017547607
-1.9402225017547607
-1.9402225017547607
-1.9375061988830566
-1.9297575950622559
-1.9287004470825195
-1.9287004470825195
-1.9101276397705078
-1.9101276397705078
-1.9101276397705078
-1.919905424118042
-1.9101276397705078
-1.8971138000488281
-1.8971138000488281
-1.8971138000488281
-1.8971138000488281
-1.8971138000488281
-1.8971138000488281
-1.9101276397705078
-1.8971138000488281
-1.908963918685913
-1.908963918685913
-1.908963918685913
-1.908963918685913
-1.919905424118042
-1.919905424118042
-1.919905424118042
-1.908963918685913
-1.8784441947937012
-1.8784441947937012
-1.8784441947937012
-1.8635478019714355
-1.8516557216644287
-1.8784441947937012
-1.8784441947937012
-1.8784441947937012
-1.8784441947937012
-1.8784441947937012
-1.8635478019714355
-1.8784441947937012
-1.893376350402832
-1.8794145584106445
-1.845893383026123
-1.845893383026123
-1.845893383026123
-1.8635478019714355
-1.8516557216644287
-1.8635478019714355
-1.8635478019714355
-1.893376350402832
-1.893376350402832
-1.893376350402832
-1.893376350402832
-1.893376350402832
-1.893376350402832
-1.893376350402832
-1.893376350402832
-1.893376350402832
-1.893376350402832
-1.8971138000488281
-1.8971138000488281
-1.8971138000488281
-1.8971138000488281
-1.8794145584106445
-1.8794145584106445
-1.8794145584106445
-1.908963918685913
-1.908963918685913
-1.908963918685913
-1.9101276397705078
-1.9287004470825195
-1.9287004470825195
-1.9287004470825195
-1.9287004470825195
-1.919905424118042
-1.919905424118042
-1.919905424118042
-1.9101276397705078
-1.9101276397705078
-1.9101276397705078
-1.9287004470825195
-1.9101276397705078
-1.9287004470825195
-1.919905424118042
-1.919905424118042
-1.919905424118042
-1.919905424118042
-1.9297575950622559
-1.919905424118042
-1.9402225017547607
-1.9511561393737793
-1.9567408561706543
-1.9567408561706543
-1.9567408561706543
-1.9567408561706543
-1.9567408561706543
-1.9574055671691895
-1.9518208503723145
-1.9604554176330566
-1.9604554176330566
-1.9604554176330566
-1.9686915874481201
-1.9718499183654785
-1.97359299659729
-1.9830982685089111
-1.985891580581665
-1.985891580581665
-1.985891580581665
-1.9897477626800537
-1.9897477626800537
-1.9897477626800537
-1.985891580581665
-1.9686915874481201
-1.9686915874481201
-1.9686915874481201
-1.9648878574371338
-1.9721786975860596
-1.9686915874481201
-1.9766266345977783
-1.945725679397583
-1.945725679397583
-1.945725679397583
-1.945725679397583
-1.9381709098815918
-1.9205701351165771
-1.9205701351165771
-1.910792350769043
-1.910792350769043
-1.910792350769043
-1.8977785110473633
-1.9205701351165771
-1.910792350769043
-1.8977785110473633
-1.9096286296844482
-1.9096286296844482
-1.9096286296844482
-1.9096286296844482
-1.8977785110473633
-1.8940410614013672
-1.8977785110473633
-1.9205701351165771
-1.9208118915557861
-1.9208118915557861
-1.9208118915557861
-1.9306640625
-1.9296069145202637
-1.9208118915557861
-1.9296069145202637
-1.9296069145202637
-1.9296069145202637
-1.9296069145202637
-1.911034107208252
-1.9098703861236572
-1.9098703861236572
-1.9098703861236572
-1.9098703861236572
-1.9098703861236572
-1.911034107208252
-1.9208118915557861
-1.911034107208252
-1.9208118915557861
-1.9296069145202637
-1.9296069145202637
-1.9296069145202637
-1.9296069145202637
-1.9306640625
-1.9411289691925049
-1.9296069145202637
-1.9296069145202637
-1.9296069145202637
-1.9296069145202637
-1.9296069145202637
-1.9293651580810547
-1.9293651580810547
-1.9293651580810547
-1.930422306060791
-1.930422306060791
-1.930422306060791
-1.9293651580810547
-1.9381709098815918
-1.9428644180297852
-1.9518208503723145
-1.9574055671691895
-1.9574055671691895
-1.9574055671691895
-1.9574055671691895
-1.9518208503723145
-1.9604554176330566
-1.9518208503723145
-1.9686915874481201
-1.9686915874481201
-1.9686915874481201
-1.9730644226074219
-1.973921775817871
-1.9721786975860596
-1.9721786975860596
-1.9604554176330566
-1.9604554176330566
-1.9604554176330566
-1.9648878574371338
-1.9648878574371338
-1.9574055671691895
-1.9574055671691895
-1.9604554176330566
-1.9604554176330566
-1.9604554176330566
-1.9648878574371338
-1.9648878574371338
-1.9574055671691895
-1.9574055671691895
-1.9648878574371338
-1.9648878574371338
-1.9648878574371338
-1.9648878574371338
-1.9686915874481201
-1.9730644226074219
-1.9604554176330566
-1.9648878574371338
-1.9648878574371338
-1.9648878574371338
-1.9686915874481201
-1.9648878574371338
-1.9686915874481201
-1.973921775817871
-1.9721786975860596
-1.9721786975860596
-1.9721786975860596
-1.9686915874481201
-1.9686915874481201
-1.9574055671691895
-1.9648878574371338
-1.9793753623962402
-1.9793753623962402
-1.9793753623962402
-1.9793753623962402
-1.9793753623962402
-1.9834270477294922
-1.9834270477294922
-1.9793753623962402
-1.9793753623962402
-1.9793753623962402
-1.9834270477294922
-1.9793753623962402
-1.9834270477294922
-1.973921775817871
-1.9721786975860596
-1.9721786975860596
-1.9721786975860596
-1.9686915874481201
-1.9604554176330566
-1.9686915874481201
-1.9686915874481201
-1.9574055671691895
-1.9574055671691895
-1.9574055671691895
-1.9604554176330566
-1.9604554176330566
-1.9604554176330566
-1.9574055671691895
-1.9574055671691895
-1.9574055671691895
-1.9574055671691895
-1.9574055671691895
-1.9518208503723145
-1.945725679397583
-1.9381709098815918
-1.9293651580810547
-1.9293651580810547
-1.9293651580810547
-1.9205701351165771
-1.9205701351165771
-1.9205701351165771
-1.940887212753296
-1.943730115890503
-1.943730115890503
-1.943730115890503
-1.9574055671691895
-1.945725679397583
-1.943730115890503
-1.945725679397583
-1.9518208503723145
-1.9518208503723145
-1.9518208503723145
-1.9574055671691895
-1.9574055671691895
-1.973785400390625
-1.9730644226074219
-1.9766266345977783
-1.9766266345977783
-1.9766266345977783
-1.9766266345977783
-1.9766266345977783
-1.9766266345977783
-1.973921775817871
-1.9686915874481201
-1.9686915874481201
-1.9686915874481201
-1.9766266345977783
-1.985891580581665
-1.9897477626800537
-1.9897477626800537
-1.9897477626800537
-1.9897477626800537
-1.9897477626800537
-1.9897477626800537
-1.985891580581665
-1.985891580581665
-1.9834270477294922
-1.9897477626800537
-1.9897477626800537
-1.9897477626800537
-1.9897477626800537
-1.9897477626800537
-1.9897477626800537
-1.9897477626800537
-1.9897477626800537
-1.9897477626800537
-1.9897477626800537
-1.9897477626800537
-1.9897477626800537
-1.9897477626800537
-1.9897477626800537
-1.9897477626800537
-1.9897477626800537
-1.9897477626800537
-1.9897477626800537
-1.9897477626800537
-1.9897477626800537
-1.9897477626800537
-1.9897477626800537
-1.9897477626800537
-1.9897477626800537
-1.9897477626800537
-1.9897477626800537
-1.9897477626800537
-1.9897477626800537
-1.9897477626800537
-1.9897477626800537
-1.9897477626800537
-1.9897477626800537
-1.9897477626800537
-1.9897477626800537
-1.9897477626800537
-1.9897477626800537
-1.9897477626800537
-1.9897477626800537
-1.9897477626800537
-1.9897477626800537
-1.9897477626800537
-1.9897477626800537
-1.9897477626800537
-1.9897477626800537
-1.9897477626800537
-1.9897477626800537
-1.9897477626800537
-1.9897477626800537
-1.9897477626800537
-1.9897477626800537
-1.9897477626800537
-1.9897477626800537
-1.9897477626800537
-1.9897477626800537
-1.9897477626800537
-1.9897477626800537
-1.9897477626800537
-1.9897477626800537
-1.9897477626800537
-1.9897477626800537
-1.9897477626800537
-1.9897477626800537
-1.9897477626800537
-1.9897477626800537
-1.9897477626800537
-1.9897477626800537
-1.9897477626800537
-1.9897477626800537
-1.9897477626800537
-1.9897477626800537
-1.9758410453796387
-1.9758410453796387
-1.9758410453796387
-1.9826054573059082
-1.9826054573059082
-1.9826054573059082
-1.9826054573059082
-1.9758410453796387
-1.9758410453796387
-1.9758410453796387
-1.9758410453796387
-1.9758410453796387
-1.9826054573059082
-1.9826054573059082
-1.9826054573059082
-1.9826054573059082
-1.9826054573059082
-1.9826054573059082
-1.9758410453796387
-1.9826054573059082
-1.9826054573059082
-1.9758410453796387
-1.9758410453796387
-1.9758410453796387
-1.9826054573059082
-1.9758410453796387
-1.9826054573059082
-1.9826054573059082
-1.9882588386535645
-1.9882588386535645
-1.9882588386535645
-1.9882588386535645
-1.9882588386535645
-1.9826054573059082
-1.9826054573059082
-1.9654603004455566
-1.9654603004455566
-1.9654603004455566
-1.9654603004455566
-1.9654603004455566
-1.9654603004455566
-1.9654603004455566
-1.9654603004455566
-1.9654603004455566
-1.9654603004455566
-1.957488775253296
-1.957488775253296
-1.957488775253296
-1.957488775253296
-1.957488775253296
-1.957488775253296
-1.957488775253296
-1.957488775253296
-1.9400367736816406
-1.951747179031372
-1.951747179031372
-1.951747179031372
-1.951747179031372
-1.951747179031372
-1.9300355911254883
-1.9241695404052734
-1.913208246231079
-1.8996901512145996
-1.8996901512145996
-1.8996901512145996
-1.8996901512145996
-1.8996901512145996
-1.913208246231079
-1.913208246231079
-1.913208246231079
-1.8996901512145996
-1.8996901512145996
-1.8996901512145996
-1.8809809684753418
-1.8809809684753418
-1.8682029247283936
-1.8418056964874268
-1.8418056964874268
-1.8418056964874268
-1.8418056964874268
-1.8545639514923096
-1.8682029247283936
-1.8545639514923096
-1.8418056964874268
-1.822493553161621
-1.822493553161621
-1.822493553161621
-1.7586495876312256
-1.7398948669433594
-1.8545639514923096
-1.8545639514923096
-1.8809809684753418
-1.8809809684753418
-1.8809809684753418
-1.8809809684753418
-1.8809809684753418
-1.9062354564666748
-1.913208246231079
-1.8996901512145996
-1.8996901512145996
-1.8996901512145996
-1.8906254768371582
-1.8996901512145996
-1.9300355911254883
-1.9062354564666748
-1.8682029247283936
-1.8682029247283936
-1.8682029247283936
-1.8996901512145996
-1.8809809684753418
-1.8906254768371582
-1.9241695404052734
-1.9241695404052734
-1.9241695404052734
-1.9241695404052734
-1.8906254768371582
-1.8906254768371582
-1.8682029247283936
-1.8809809684753418
-1.8906254768371582
-1.8906254768371582
-1.8906254768371582
-1.8809809684753418
-1.9165091514587402
-1.8996901512145996
-1.8906254768371582
-1.8545639514923096
-1.8545639514923096
-1.8545639514923096
-1.8545639514923096
-1.8418056964874268
-1.8418056964874268
-1.822493553161621
-1.806788444519043
-1.806788444519043
-1.806788444519043
-1.7844569683074951
-1.7586495876312256
-1.7586495876312256
-1.7398948669433594
-1.7398948669433594
-1.7398948669433594
-1.7398948669433594
-1.7167580127716064
-1.7398948669433594
-1.7167580127716064
-1.6929986476898193
-1.6585376262664795
-1.6585376262664795
-1.6585376262664795
-1.6198654174804688
-1.6198654174804688
-1.6198654174804688
-1.6198654174804688
-1.6929986476898193
-1.6929986476898193
-1.6929986476898193
-1.7167580127716064
-1.7167580127716064
-1.7398948669433594
-1.7167580127716064
-1.7167580127716064
-1.7167580127716064
-1.7167580127716064
-1.822493553161621
-1.8809809684753418
-1.8996901512145996
-1.9758410453796387
-1.957488775253296
-1.957488775253296
-1.957488775253296
-1.951747179031372
-1.9300355911254883
-1.8809809684753418
-1.8809809684753418
-1.8809809684753418
-1.8809809684753418
-1.8809809684753418
-1.8809809684753418
-1.8809809684753418
-1.8809809684753418
-1.8682029247283936
-1.8418056964874268
-1.8418056964874268
-1.8418056964874268
-1.8809809684753418
-1.8996901512145996
-1.8809809684753418
-1.8996901512145996
-1.8996901512145996
-1.8996901512145996
-1.8996901512145996
-1.8682029247283936
-1.8906254768371582
-1.8682029247283936
-1.8545639514923096
-1.8418056964874268
-1.8418056964874268
-1.8418056964874268
-1.8545639514923096
-1.8682029247283936
-1.8545639514923096
-1.8809809684753418
-1.8682029247283936
-1.8682029247283936
-1.8682029247283936
-1.8682029247283936
-1.8809809684753418
-1.8996901512145996
-1.957488775253296
-1.9654603004455566
-1.9654603004455566
-1.9654603004455566
-1.957488775253296
-1.9758410453796387
-1.957488775253296
-1.957488775253296
-1.9654603004455566
-1.9654603004455566
-1.9654603004455566
-1.9734182357788086
