0
3.1024727821350098
3.1024727821350098
3.1024727821350098
3.1024727821350098
2.8881583213806152
3.0115408897399902
3.256319761276245
3.3760712146759033
3.566729784011841
3.566729784011841
3.566729784011841
3.8313870429992676
4.265346527099609
4.120048522949219
4.120048522949219
3.8313870429992676
3.8313870429992676
3.8313870429992676
3.6676721572875977
3.566729784011841
3.6676721572875977
3.9704885482788086
3.1865932941436768
3.1865932941436768
3.1865932941436768
3.1865932941436768
2.871574640274048
3.0115408897399902
3.3760712146759033
3.3760712146759033
3.3760712146759033
3.3760712146759033
3.0115408897399902
2.8881583213806152
3.1865932941436768
3.2278878688812256
3.2278878688812256
3.566729784011841
3.566729784011841
3.566729784011841
3.566729784011841
3.566729784011841
3.566729784011841
3.566729784011841
3.566729784011841
3.3760712146759033
3.3760712146759033
3.3760712146759033
3.3760712146759033
3.393420457839966
3.3760712146759033
3.3760712146759033
3.3760712146759033
3.2666165828704834
3.1067514419555664
3.1259963512420654
3.1865932941436768
3.256319761276245
3.256319761276245
3.256319761276245
3.2278878688812256
3.04478120803833
2.871574640274048
2.8881583213806152
2.6317241191864014
2.6317241191864014
2.6317241191864014
2.585066795349121
2.8881583213806152
3.1259963512420654
3.2666165828704834
3.256319761276245
3.256319761276245
3.256319761276245
3.3760712146759033
3.5726799964904785
3.566729784011841
3.566729784011841
3.393420457839966
3.393420457839966
3.393420457839966
3.393420457839966
3.393420457839966
3.393420457839966
3.393420457839966
3.1067514419555664
3.1067514419555664
3.1067514419555664
3.256319761276245
3.3760712146759033
3.3760712146759033
3.3760712146759033
3.1259963512420654
3.1259963512420654
3.1259963512420654
3.1259963512420654
3.1024727821350098
2.80599045753479
2.7097764015197754
2.7871055603027344
2.7871055603027344
2.7871055603027344
2.7871055603027344
2.6402111053466797
2.585066795349121
2.7097764015197754
2.80599045753479
2.80599045753479
2.80599045753479
2.80599045753479
2.6402111053466797
2.690049409866333
2.6317241191864014
2.585066795349121
2.585066795349121
2.585066795349121
2.690049409866333
2.7871055603027344
3.0115408897399902
2.8881583213806152
2.8881583213806152
2.8881583213806152
2.8881583213806152
2.8881583213806152
2.8826847076416016
2.871574640274048
2.871574640274048
3.0115408897399902
3.0115408897399902
3.0115408897399902
2.871574640274048
2.803471088409424
2.8826847076416016
2.80599045753479
2.6402111053466797
2.6402111053466797
2.6402111053466797
2.6317241191864014
2.4368484020233154
2.4368484020233154
2.468407154083252
2.4368484020233154
2.4368484020233154
2.4368484020233154
2.585066795349121
2.555976152420044
2.555976152420044
2.549868583679199
2.2824478149414062
2.2824478149414062
2.2824478149414062
2.181715488433838
2.1514925956726074
2.081585645675659
1.9639713764190674
2.084648847579956
2.084648847579956
2.084648847579956
2.081585645675659
2.081585645675659
2.081585645675659
2.081585645675659
2.081585645675659
2.081585645675659
2.145507335662842
2.35408353805542
2.4368484020233154
2.549868583679199
2.5741283893585205
2.4941701889038086
2.4941701889038086
2.4941701889038086
2.5511510372161865
2.6317241191864014
2.6317241191864014
3.0115408897399902
3.393420457839966
3.393420457839966
3.393420457839966
3.1865932941436768
3.1865932941436768
3.3760712146759033
3.666574239730835
3.392322540283203
3.392322540283203
3.392322540283203
3.226789951324463
3.3749732971191406
3.571582078933716
3.666574239730835
3.392322540283203
3.392322540283203
3.392322540283203
3.3749732971191406
3.2552218437194824
3.3749732971191406
3.392322540283203
3.392322540283203
3.392322540283203
3.392322540283203
3.565631866455078
3.666574239730835
3.830289125442505
3.666574239730835
3.571582078933716
3.571582078933716
3.571582078933716
3.666574239730835
3.666574239730835
3.830289125442505
3.830289125442505
3.830289125442505
3.830289125442505
3.8326828479766846
3.8326828479766846
3.9717843532562256
3.9717843532562256
4.121344566345215
4.121344566345215
4.121344566345215
4.121344566345215
4.426837921142578
4.5095295906066895
4.614381790161133
4.767747402191162
5.111561298370361
5.111561298370361
5.111561298370361
4.8922438621521
4.614381790161133
4.765449523925781
4.5095295906066895
4.765449523925781
4.765449523925781
4.765449523925781
4.380639553070068
4.2666425704956055
4.380639553070068
4.614381790161133
4.480554103851318
4.480554103851318
4.480554103851318
4.121344566345215
4.179971694946289
4.118950843811035
4.118950843811035
4.118950843811035
4.118950843811035
4.118950843811035
4.001420974731445
3.830289125442505
3.969390630722046
3.969390630722046
3.666574239730835
3.666574239730835
3.666574239730835
3.969390630722046
4.001420974731445
3.969390630722046
3.969390630722046
3.969390630722046
3.969390630722046
4.001420974731445
4.177577972412109
4.118950843811035
4.118950843811035
4.264248847961426
4.378245830535889
4.378245830535889
4.378245830535889
4.378245830535889
4.264248847961426
4.264248847961426
4.264248847961426
4.478160381317139
4.478160381317139
4.478160381317139
4.478160381317139
4.478160381317139
4.478160381317139
4.478160381317139
4.478160381317139
4.763055801391602
4.763055801391602
4.763055801391602
4.424444198608398
4.50713586807251
4.50713586807251
4.611988067626953
4.611988067626953
4.611988067626953
4.50713586807251
4.88985013961792
4.88985013961792
5.109167575836182
4.88985013961792
4.88985013961792
4.88985013961792
4.611988067626953
4.378245830535889
4.4691314697265625
4.50713586807251
4.177577972412109
4.177577972412109
4.177577972412109
4.1795806884765625
4.1795806884765625
4.264248847961426
4.1795806884765625
4.118950843811035
4.118950843811035
4.118950843811035
4.001420974731445
3.969390630722046
3.666574239730835
3.565631866455078
3.185495376586914
3.185495376586914
3.185495376586914
3.2552218437194824
3.1248984336853027
2.8048925399780273
2.8870604038238525
3.0104429721832275
3.0104429721832275
3.0104429721832275
3.101374864578247
3.2655186653137207
3.2552218437194824
3.1248984336853027
3.2552218437194824
3.2552218437194824
3.2552218437194824
2.8870604038238525
2.4673094749450684
2.180617332458496
2.180617332458496
1.8841679096221924
1.8841679096221924
1.8841679096221924
1.3248169422149658
1.5097458362579346
1.5802654027938843
1.567297339439392
1.1532812118530273
1.1532812118530273
1.1532812118530273
0.9208998680114746
0.7123774290084839
0.11265531182289124
0.3459080457687378
0.11265531182289124
0.11265531182289124
0.11265531182289124
-0.09987324476242065
0.3459080457687378
0.8633737564086914
0.9952971935272217
1.1060869693756104
1.1060869693756104
1.1060869693756104
1.051249384880066
1.2803727388381958
1.7872155904769897
2.0804877281188965
2.0804877281188965
1.4065849781036377
1.4065849781036377
1.4065849781036377
0.9208998680114746
0.7506266832351685
0.8565505146980286
0.9960650205612183
0.9960650205612183
0.9960650205612183
0.9208998680114746
0.7506266832351685
0.8633737564086914
0.83418869972229
0.5111647248268127
0.5111647248268127
0.5111647248268127
0.42708808183670044
0.42708808183670044
0.49567097425460815
0.5986616611480713
0.5095801949501038
0.5095801949501038
0.5986616611480713
0.3459080457687378
0.029560118913650513
0.029560118913650513
-0.3219260573387146
-0.3219260573387146
-0.3219260573387146
-0.3219260573387146
-0.3219260573387146
-0.3207288980484009
-0.3207288980484009
-0.3207288980484009
-0.2735860347747803
-0.6476081609725952
-0.6476081609725952
-0.6476081609725952
-0.5020391941070557
-0.31114715337753296
-0.4071439504623413
-0.3207288980484009
-0.3207288980484009
-0.3207288980484009
-0.2735860347747803
-0.2735860347747803
-0.0352514386177063
0.11385250091552734
0.3471052348613739
0.3471052348613739
0.3471052348613739
0.2628067135810852
0.3471052348613739
0.42828524112701416
0.302622526884079
0.3471052348613739
0.3471052348613739
0.3471052348613739
0.302622526884079
0.12274068593978882
0.03075730800628662
-0.0352514386177063
-0.0352514386177063
-0.0352514386177063
-0.0352514386177063
-0.0352514386177063
-0.2735860347747803
-0.31114715337753296
-0.31114715337753296
-0.1545681357383728
-0.1545681357383728
-0.1545681357383728
-0.0352514386177063
0.03075730800628662
0.20667904615402222
0.20300310850143433
0.1868354082107544
0.1868354082107544
0.1868354082107544
0.1868354082107544
0.22746407985687256
0.2628067135810852
0.5123618841171265
0.5998588800430298
0.5998588800430298
0.5998588800430298
0.49686816334724426
0.42828524112701416
0.302622526884079
0.3471052348613739
0.39125797152519226
0.20667904615402222
0.20667904615402222
0.20667904615402222
0.20667904615402222
0.20667904615402222
0.2986227869987488
0.1868354082107544
0.1868354082107544
0.1868354082107544
0.136782705783844
0.11385250091552734
0.136782705783844
-0.0352514386177063
-0.31114715337753296
-0.31114715337753296
-0.31114715337753296
-0.2735860347747803
-0.2735860347747803
-0.3207288980484009
-0.5095227956771851
-0.659309983253479
-0.659309983253479
-0.659309983253479
-0.49179285764694214
-0.47265172004699707
-0.44229233264923096
-0.5322984457015991
-0.6670386791229248
-0.6670386791229248
-0.6670386791229248
-0.6670386791229248
-0.7794123888015747
-0.906955361366272
-0.906955361366272
-1.0375443696975708
-1.0375443696975708
-1.0375443696975708
-1.1832181215286255
-1.3693791627883911
-1.1832181215286255
-1.2582215070724487
-1.1237598657608032
-1.1237598657608032
-1.1237598657608032
-1.1237598657608032
-1.1237598657608032
-1.0375443696975708
-1.1237598657608032
-1.2582215070724487
-1.2582215070724487
-1.2582215070724487
-1.307073950767517
-1.255232334136963
-1.255232334136963
-1.255232334136963
-1.255232334136963
-1.1237598657608032
-1.1237598657608032
-1.1237598657608032
-1.1237598657608032
-1.1237598657608032
-1.1207706928253174
-1.1207706928253174
-1.1207706928253174
-1.1207706928253174
-1.1802289485931396
-1.1802289485931396
-1.255232334136963
-1.1802289485931396
-1.0056192874908447
-1.0056192874908447
-1.0056192874908447
-0.9249289035797119
-0.7982358932495117
-0.9039661884307861
-0.9249289035797119
-0.6757513284683228
-0.6757513284683228
-0.6757513284683228
-0.664049506187439
-0.7982358932495117
-0.9249289035797119
-0.9039661884307861
-0.773492693901062
-0.773492693901062
-0.773492693901062
-0.6817853450775146
-0.8012250661849976
-0.906955361366272
-0.9279180765151978
-1.0375443696975708
-1.0375443696975708
-1.0375443696975708
-1.0375443696975708
-0.9279180765151978
-0.9279180765151978
-1.0375443696975708
-1.0375443696975708
-1.0375443696975708
-1.0375443696975708
-1.0086084604263306
-0.9249289035797119
-0.9279180765151978
-0.9279180765151978
-0.9279180765151978
-0.9279180765151978
-0.9279180765151978
-1.0086084604263306
-1.0375443696975708
-0.9279180765151978
-1.0086084604263306
-1.0086084604263306
-1.0086084604263306
-1.0086084604263306
-1.0375443696975708
-1.1237598657608032
-1.0375443696975708
-1.0375443696975708
-1.1237598657608032
-1.1237598657608032
-1.1237598657608032
-1.184415340423584
-1.184415340423584
-1.1249570846557617
-1.1249570846557617
-1.2594187259674072
-1.2594187259674072
-1.2594187259674072
-1.2594187259674072
-1.2594187259674072
-1.184415340423584
-1.1249570846557617
-1.0387415885925293
-1.0387415885925293
-1.0387415885925293
-1.009805679321289
-1.0387415885925293
-1.0387415885925293
-1.0387415885925293
-1.1249570846557617
-1.1249570846557617
-1.1249570846557617
-1.1249570846557617
-1.1249570846557617
-1.1249570846557617
-1.184415340423584
-1.2594187259674072
-1.2594187259674072
-1.2594187259674072
-1.184415340423584
-1.184415340423584
-1.1249570846557617
-1.1832181215286255
-1.2582215070724487
-1.2582215070724487
-1.2582215070724487
-1.2582215070724487
-1.2582215070724487
-1.1237598657608032
-1.0375443696975708
-1.1237598657608032
-1.1237598657608032
-1.1237598657608032
-1.1237598657608032
-1.1832181215286255
-1.0375443696975708
-1.0375443696975708
-1.1237598657608032
-1.1237598657608032
-1.1237598657608032
-1.1237598657608032
-1.1237598657608032
-1.1832181215286255
-1.1237598657608032
-1.0375443696975708
-1.0375443696975708
-1.0375443696975708
-1.1237598657608032
-1.1237598657608032
-1.1237598657608032
-1.1237598657608032
-1.1237598657608032
-1.2564295530319214
-1.2564295530319214
-1.2564295530319214
-1.2564295530319214
-1.2564295530319214
-1.2564295530319214
-1.2564295530319214
-1.2564295530319214
-1.2564295530319214
-1.2594187259674072
-1.2594187259674072
-1.3082711696624756
-1.3082711696624756
-1.373916745185852
-1.373916745185852
-1.373916745185852
-1.4703497886657715
-1.4673606157302856
-1.426784873008728
-1.426784873008728
-1.426784873008728
-1.426784873008728
-1.426784873008728
-1.426784873008728
-1.560793161392212
-1.560793161392212
-1.6841213703155518
-1.8251354694366455
-1.8251354694366455
-1.8251354694366455
-1.7934966087341309
-1.7434947490692139
-1.765784502029419
-1.7780611515045166
-1.7603881359100342
-1.7603881359100342
-1.7603881359100342
-1.7780611515045166
-1.765784502029419
-1.7780611515045166
-1.7982990741729736
-1.8712358474731445
-1.8712358474731445
-1.8712358474731445
-1.8712358474731445
-1.8712358474731445
-1.8479981422424316
-1.8324718475341797
-1.856226921081543
-1.856226921081543
-1.856226921081543
-1.8712358474731445
-1.9158172607421875
-1.9158172607421875
-1.8712358474731445
-1.8712358474731445
-1.8712358474731445
-1.8712358474731445
-1.884580135345459
-1.8251354694366455
-1.7934966087341309
-1.7780611515045166
-1.7934966087341309
-1.7934966087341309
-1.7934966087341309
-1.765784502029419
-1.765784502029419
-1.7982990741729736
-1.8251354694366455
-1.8558714389801025
-1.8558714389801025
-1.8558714389801025
-1.856226921081543
-1.8558714389801025
-1.8251354694366455
-1.7934966087341309
-1.7934966087341309
-1.7934966087341309
-1.7934966087341309
-1.7982990741729736
-1.7982990741729736
-1.7982990741729736
-1.765784502029419
-1.765784502029419
-1.765784502029419
-1.765784502029419
-1.7780611515045166
-1.7982990741729736
-1.7780611515045166
-1.7780611515045166
-1.7780611515045166
-1.7780611515045166
-1.7971022129058838
-1.7971022129058838
-1.8312749862670898
-1.8546745777130127
-1.8468012809753418
-1.8239386081695557
-1.8239386081695557
-1.8239386081695557
-1.792299747467041
-1.8312749862670898
-1.8700389862060547
-1.8546745777130127
-1.8963594436645508
-1.8963594436645508
-1.8963594436645508
-1.8833832740783691
-1.8833832740783691
-1.908191442489624
-1.908191442489624
-1.8700389862060547
-1.8700389862060547
-1.8700389862060547
-1.8550300598144531
-1.8700389862060547
-1.8550300598144531
-1.8550300598144531
-1.8550300598144531
-1.8550300598144531
-1.8550300598144531
-1.8468012809753418
-1.8312749862670898
-1.8251354694366455
-1.8251354694366455
-1.8324718475341797
-1.8324718475341797
-1.8324718475341797
-1.7780611515045166
-1.7603881359100342
-1.765784502029419
-1.765784502029419
-1.765784502029419
-1.765784502029419
-1.765784502029419
-1.7603881359100342
-1.7633771896362305
-1.7687735557556152
-1.7687735557556152
-1.7687735557556152
-1.7687735557556152
-1.7687735557556152
-1.7687735557556152
-1.7687735557556152
-1.7687735557556152
-1.7633771896362305
-1.7464838027954102
-1.720823049545288
-1.720823049545288
-1.6597070693969727
-1.6597070693969727
-1.6567180156707764
-1.6969597339630127
-1.720823049545288
-1.720823049545288
-1.720823049545288
-1.687110424041748
-1.6597070693969727
-1.6597070693969727
-1.687110424041748
-1.6597070693969727
-1.6597070693969727
-1.6597070693969727
-1.6969597339630127
-1.6969597339630127
-1.687110424041748
-1.6597070693969727
-1.6364295482635498
-1.6364295482635498
-1.6364295482635498
-1.6027157306671143
-1.5161066055297852
-1.500976800918579
-1.3705763816833496
-1.4703497886657715
-1.4703497886657715
-1.4703497886657715
-1.4703497886657715
-1.4703497886657715
-1.500976800918579
-1.4703497886657715
-1.4703497886657715
-1.4703497886657715
-1.4703497886657715
-1.500976800918579
