0
6.1139678955078125
6.1139678955078125
6.1139678955078125
6.1139678955078125
6.1139678955078125
6.1139678955078125
6.1139678955078125
6.1139678955078125
6.1139678955078125
6.1139678955078125
6.1139678955078125
6.1139678955078125
6.1139678955078125
6.1139678955078125
6.1139678955078125
6.1139678955078125
6.1139678955078125
6.1139678955078125
6.1139678955078125
6.1139678955078125
6.1139678955078125
6.1139678955078125
6.1139678955078125
6.1139678955078125
6.1139678955078125
6.1139678955078125
6.1139678955078125
6.1139678955078125
6.1139678955078125
6.1139678955078125
6.1139678955078125
6.293127536773682
6.282176971435547
6.282176971435547
6.282176971435547
6.282176971435547
6.282176971435547
6.282176971435547
6.282176971435547
6.282176971435547
6.282176971435547
6.282176971435547
6.282176971435547
6.282176971435547
6.282176971435547
6.282176971435547
6.282176971435547
6.282176971435547
6.282176971435547
6.282176971435547
6.282176971435547
6.282176971435547
6.282176971435547
6.282176971435547
6.282176971435547
6.282176971435547
6.282176971435547
6.293127536773682
6.293127536773682
6.293127536773682
5.730662822723389
5.730662822723389
5.730662822723389
5.730662822723389
5.730662822723389
5.730662822723389
5.730662822723389
5.730662822723389
5.730662822723389
5.730662822723389
5.730662822723389
5.730662822723389
5.730662822723389
5.730662822723389
5.730662822723389
5.730662822723389
5.730662822723389
5.730662822723389
5.730662822723389
5.730662822723389
5.730662822723389
5.730662822723389
5.730662822723389
5.730662822723389
5.730662822723389
5.730662822723389
5.730662822723389
5.730662822723389
5.730662822723389
5.730662822723389
5.730662822723389
5.375234603881836
5.375234603881836
5.375234603881836
5.375234603881836
5.375234603881836
5.375234603881836
5.375234603881836
5.364012241363525
5.375234603881836
5.375234603881836
5.375234603881836
5.375234603881836
5.3129096031188965
5.3129096031188965
5.3129096031188965
5.375234603881836
5.375234603881836
5.375234603881836
5.375234603881836
5.364012241363525
5.364012241363525
5.364012241363525
5.364012241363525
5.364012241363525
5.364012241363525
5.364012241363525
5.364012241363525
5.364012241363525
5.364012241363525
5.364012241363525
5.40139627456665
5.40139627456665
5.40139627456665
5.40139627456665
5.40139627456665
5.40139627456665
5.40139627456665
5.40139627456665
5.40139627456665
5.40139627456665
5.40139627456665
5.40139627456665
5.40139627456665
5.40139627456665
5.40139627456665
5.40139627456665
5.40139627456665
5.40139627456665
5.40139627456665
5.40139627456665
5.40139627456665
5.40139627456665
5.40139627456665
5.40139627456665
5.40139627456665
5.40139627456665
5.40139627456665
5.40139627456665
5.40139627456665
5.40139627456665
5.40139627456665
5.640218734741211
5.640218734741211
5.640218734741211
5.640218734741211
5.640218734741211
5.640218734741211
5.640218734741211
5.640218734741211
5.640218734741211
5.640218734741211
5.640218734741211
5.640218734741211
5.640218734741211
5.640218734741211
5.640218734741211
5.640218734741211
5.640218734741211
5.640218734741211
5.640218734741211
5.640218734741211
5.640218734741211
5.640218734741211
5.640218734741211
5.640218734741211
5.640218734741211
5.640218734741211
5.640218734741211
5.640218734741211
5.640218734741211
5.640218734741211
5.550408363342285
5.550408363342285
5.550408363342285
5.550408363342285
5.550408363342285
5.550408363342285
5.550408363342285
5.550408363342285
5.550408363342285
5.550408363342285
5.550408363342285
5.550408363342285
5.550408363342285
5.550408363342285
5.550408363342285
5.550408363342285
5.550408363342285
5.550408363342285
5.550408363342285
5.550408363342285
5.550408363342285
5.550408363342285
5.550408363342285
5.550408363342285
5.550408363342285
5.550408363342285
5.550408363342285
5.550408363342285
5.550408363342285
5.550408363342285
5.550408363342285
5.592465877532959
5.592465877532959
5.592465877532959
5.592465877532959
5.592465877532959
5.592465877532959
5.592465877532959
5.592465877532959
5.592465877532959
5.592465877532959
5.592465877532959
5.592465877532959
5.5301408767700195
5.5301408767700195
5.5301408767700195
5.5301408767700195
5.5301408767700195
5.5301408767700195
5.5301408767700195
5.5301408767700195
5.5301408767700195
5.5301408767700195
5.5301408767700195
5.5301408767700195
5.5301408767700195
5.5301408767700195
5.5301408767700195
5.5301408767700195
5.5301408767700195
5.5301408767700195
5.5301408767700195
5.3952412605285645
5.332916259765625
5.332916259765625
5.332916259765625
5.332916259765625
5.332916259765625
5.332916259765625
5.332916259765625
5.332916259765625
5.3952412605285645
5.3952412605285645
5.3952412605285645
5.3952412605285645
5.3952412605285645
5.3952412605285645
5.3952412605285645
5.3952412605285645
5.3952412605285645
5.3952412605285645
5.3952412605285645
5.3952412605285645
5.3952412605285645
5.3952412605285645
5.3952412605285645
5.3952412605285645
5.3952412605285645
5.3952412605285645
5.3952412605285645
5.3952412605285645
5.3952412605285645
5.475120544433594
5.475120544433594
5.475120544433594
5.475120544433594
5.475120544433594
5.475120544433594
5.475120544433594
5.475120544433594
5.475120544433594
5.475120544433594
5.475120544433594
5.475120544433594
5.475120544433594
5.475120544433594
5.475120544433594
5.475120544433594
5.475120544433594
5.412795543670654
5.412795543670654
5.412795543670654
5.412795543670654
5.412795543670654
5.412795543670654
5.412795543670654
5.412795543670654
5.412795543670654
5.412795543670654
5.412795543670654
5.412795543670654
5.412795543670654
5.412795543670654
5.412795543670654
5.412795543670654
5.412795543670654
5.412795543670654
5.412795543670654
5.412795543670654
5.412795543670654
5.412795543670654
5.412795543670654
5.412795543670654
5.412795543670654
5.412795543670654
5.412795543670654
5.412795543670654
5.412795543670654
5.412795543670654
5.412795543670654
5.412795543670654
5.412795543670654
5.412795543670654
5.412795543670654
5.412795543670654
5.412795543670654
5.412795543670654
5.412795543670654
5.412795543670654
5.412795543670654
5.412795543670654
5.412795543670654
5.412795543670654
5.408249855041504
5.408249855041504
5.408249855041504
5.408249855041504
5.408249855041504
5.408249855041504
5.408249855041504
5.408249855041504
5.408249855041504
5.408249855041504
5.408249855041504
5.408249855041504
5.408249855041504
5.408249855041504
5.408249855041504
5.408249855041504
5.408249855041504
5.408249855041504
5.408249855041504
5.408249855041504
5.408249855041504
5.408249855041504
5.408249855041504
5.408249855041504
5.408249855041504
5.408249855041504
5.408249855041504
5.408249855041504
5.408249855041504
5.408249855041504
5.408249855041504
4.828590393066406
4.828590393066406
4.828590393066406
4.828590393066406
4.828590393066406
4.828590393066406
4.828590393066406
4.828590393066406
4.828590393066406
4.828590393066406
4.828590393066406
4.828590393066406
4.828590393066406
4.828590393066406
4.828590393066406
4.828590393066406
4.828590393066406
4.828590393066406
4.828590393066406
4.828590393066406
4.828590393066406
4.828590393066406
4.828590393066406
4.828590393066406
4.828590393066406
4.828590393066406
4.828590393066406
4.828590393066406
4.828590393066406
4.828590393066406
4.828590393066406
3.178473472595215
3.178473472595215
3.178473472595215
3.178473472595215
3.178473472595215
3.178473472595215
3.178473472595215
3.178473472595215
3.178473472595215
3.178473472595215
3.178473472595215
3.178473472595215
3.178473472595215
3.178473472595215
3.178473472595215
3.178473472595215
3.178473472595215
3.178473472595215
3.178473472595215
3.178473472595215
3.178473472595215
3.178473472595215
3.178473472595215
3.178473472595215
3.178473472595215
3.178473472595215
3.178473472595215
3.178473472595215
5.6295270919799805
5.6295270919799805
5.6295270919799805
5.6295270919799805
5.6295270919799805
5.6295270919799805
5.6295270919799805
5.6295270919799805
5.6295270919799805
5.6295270919799805
5.6295270919799805
5.6295270919799805
5.6295270919799805
5.6295270919799805
5.6295270919799805
5.6295270919799805
5.6295270919799805
5.6295270919799805
5.6295270919799805
5.6295270919799805
5.6295270919799805
5.6295270919799805
5.6295270919799805
5.6295270919799805
5.6295270919799805
5.6295270919799805
5.6295270919799805
5.6295270919799805
5.6295270919799805
5.6295270919799805
5.6295270919799805
5.424073219299316
5.424073219299316
5.424073219299316
5.424073219299316
5.424073219299316
5.424073219299316
5.424073219299316
5.424073219299316
5.424073219299316
5.424073219299316
5.424073219299316
5.424073219299316
5.424073219299316
5.424073219299316
5.424073219299316
5.424073219299316
5.424073219299316
5.424073219299316
5.424073219299316
5.424073219299316
5.424073219299316
5.424073219299316
5.424073219299316
5.424073219299316
5.424073219299316
5.424073219299316
5.424073219299316
5.424073219299316
5.424073219299316
5.424073219299316
5.416451930999756
5.416451930999756
5.416451930999756
5.416451930999756
5.416451930999756
5.416451930999756
5.416451930999756
5.416451930999756
5.416451930999756
5.478776931762695
5.478776931762695
5.416451930999756
5.416451930999756
5.416451930999756
5.416451930999756
5.416451930999756
5.416451930999756
5.416451930999756
5.416451930999756
5.416451930999756
5.416451930999756
5.416451930999756
5.478776931762695
5.478776931762695
5.416451930999756
5.416451930999756
5.416451930999756
5.416451930999756
5.416451930999756
5.416451930999756
5.416451930999756
5.416451930999756
5.416451930999756
5.416451930999756
5.416451930999756
5.416451930999756
5.416451930999756
5.416451930999756
5.416451930999756
5.416451930999756
5.416451930999756
5.416451930999756
5.416451930999756
5.416451930999756
5.416451930999756
5.416451930999756
5.416451930999756
5.416451930999756
5.416451930999756
5.416451930999756
5.416451930999756
5.416451930999756
5.416451930999756
5.416451930999756
5.416451930999756
5.416451930999756
5.416451930999756
5.416451930999756
5.416451930999756
5.416451930999756
5.416451930999756
5.592302322387695
5.592302322387695
5.592302322387695
5.592302322387695
5.592302322387695
5.592302322387695
5.592302322387695
5.592302322387695
5.592302322387695
5.592302322387695
5.592302322387695
5.592302322387695
5.592302322387695
5.592302322387695
5.592302322387695
5.592302322387695
5.592302322387695
5.592302322387695
5.592302322387695
5.592302322387695
5.592302322387695
5.592302322387695
5.592302322387695
5.592302322387695
5.592302322387695
5.592302322387695
5.592302322387695
5.592302322387695
5.592302322387695
5.592302322387695
5.592302322387695
5.51590633392334
5.51590633392334
5.51590633392334
5.51590633392334
5.51590633392334
5.51590633392334
5.51590633392334
5.51590633392334
5.51590633392334
5.51590633392334
5.51590633392334
5.51590633392334
5.51590633392334
5.51590633392334
5.51590633392334
5.51590633392334
5.51590633392334
5.51590633392334
5.51590633392334
5.51590633392334
5.51590633392334
5.51590633392334
5.51590633392334
5.51590633392334
5.51590633392334
5.51590633392334
5.51590633392334
5.51590633392334
5.51590633392334
5.51590633392334
5.51590633392334
5.508856296539307
5.508856296539307
5.508856296539307
5.508856296539307
5.508856296539307
5.508856296539307
5.508856296539307
5.508856296539307
5.508856296539307
5.508856296539307
5.508856296539307
5.508856296539307
5.508856296539307
5.508856296539307
5.508856296539307
5.508856296539307
5.508856296539307
5.508856296539307
5.508856296539307
5.508856296539307
5.508856296539307
5.508856296539307
5.508856296539307
5.508856296539307
5.508856296539307
5.508856296539307
5.508856296539307
5.508856296539307
5.508856296539307
5.508856296539307
5.560312747955322
5.560312747955322
5.560312747955322
5.560312747955322
5.560312747955322
5.560312747955322
5.560312747955322
5.560312747955322
5.560312747955322
5.560312747955322
5.560312747955322
5.560312747955322
5.560312747955322
5.560312747955322
5.560312747955322
5.560312747955322
5.560312747955322
5.560312747955322
5.560312747955322
5.560312747955322
5.560312747955322
5.560312747955322
5.560312747955322
5.560312747955322
5.560312747955322
5.560312747955322
5.560312747955322
5.560312747955322
5.560312747955322
5.560312747955322
5.560312747955322
5.51590633392334
5.51590633392334
5.51590633392334
5.51590633392334
5.51590633392334
5.51590633392334
5.51590633392334
5.51590633392334
5.51590633392334
5.51590633392334
5.51590633392334
5.51590633392334
5.51590633392334
5.51590633392334
5.51590633392334
5.51590633392334
5.51590633392334
5.51590633392334
5.51590633392334
5.51590633392334
5.51590633392334
5.51590633392334
5.51590633392334
5.51590633392334
5.51590633392334
5.51590633392334
5.51590633392334
5.51590633392334
5.51590633392334
5.51590633392334
5.508285045623779
5.508285045623779
5.508285045623779
5.508285045623779
5.508285045623779
5.508285045623779
5.508285045623779
5.508285045623779
5.508285045623779
5.508285045623779
5.508285045623779
5.508285045623779
5.508285045623779
5.508285045623779
5.508285045623779
5.508285045623779
5.508285045623779
5.508285045623779
5.508285045623779
5.508285045623779
5.508285045623779
5.508285045623779
5.508285045623779
5.508285045623779
5.508285045623779
5.508285045623779
5.508285045623779
5.508285045623779
5.508285045623779
5.508285045623779
5.508285045623779
3.137489080429077
3.137489080429077
3.137489080429077
3.2193691730499268
3.2193691730499268
3.2193691730499268
3.2193691730499268
3.2193691730499268
3.2193691730499268
3.2193691730499268
3.2193691730499268
3.2193691730499268
3.2193691730499268
3.2193691730499268
3.2193691730499268
3.2193691730499268
3.2193691730499268
3.2193691730499268
3.2193691730499268
3.2193691730499268
3.2193691730499268
3.2193691730499268
3.2193691730499268
3.2193691730499268
3.2193691730499268
3.2193691730499268
3.2193691730499268
3.2193691730499268
3.2193691730499268
3.2193691730499268
3.2193691730499268
4.549427032470703
4.549427032470703
4.549427032470703
4.549427032470703
4.549427032470703
4.549427032470703
4.549427032470703
4.549427032470703
4.549427032470703
4.549427032470703
4.549427032470703
4.549427032470703
4.549427032470703
4.549427032470703
4.549427032470703
4.549427032470703
4.549427032470703
4.549427032470703
4.549427032470703
4.549427032470703
4.549427032470703
4.549427032470703
4.549427032470703
4.549427032470703
4.549427032470703
4.549427032470703
4.549427032470703
4.549427032470703
4.549427032470703
4.549427032470703
4.549427032470703
4.549427032470703
4.549427032470703
4.549427032470703
4.549427032470703
4.549427032470703
4.549427032470703
4.549427032470703
4.549427032470703
4.549427032470703
4.549427032470703
4.549427032470703
4.549427032470703
4.549427032470703
4.549427032470703
4.549427032470703
4.549427032470703
4.549427032470703
4.549427032470703
4.549427032470703
4.549427032470703
4.549427032470703
4.549427032470703
4.549427032470703
4.549427032470703
4.549427032470703
4.549427032470703
4.549427032470703
4.549427032470703
4.549427032470703
4.549427032470703
4.549427032470703
