0
6.607361136838461
6.607361136838461
6.607361136838461
6.607361136838461
6.59719921320638
6.652489897107264
6.658457222689219
6.639232207082846
6.7336077943050245
6.7336077943050245
6.7336077943050245
6.540619981593582
6.587705600369989
6.540619981593582
6.584104557988868
6.584104557988868
6.584104557988868
6.584104557988868
6.68652217552862
6.862744542119344
6.7336077943050245
6.678037176800009
6.7336077943050245
6.7336077943050245
6.7336077943050245
6.615264474532755
6.591306642751107
6.66787525316793
6.584104557988868
6.584104557988868
6.584104557988868
6.584104557988868
6.584104557988868
6.5314065054867685
6.584104557988868
6.5314065054867685
6.584104557988868
6.5314065054867685
6.5314065054867685
6.5314065054867685
6.5314065054867685
6.5314065054867685
6.5314065054867685
6.5314065054867685
6.5314065054867685
6.5314065054867685
6.5314065054867685
6.519524710070233
6.584104557988868
6.597114102082091
6.532534254163454
6.532534254163454
6.532534254163454
6.597114102082091
6.597114102082091
6.687445678512111
6.687445678512111
6.597114102082091
6.597114102082091
6.597114102082091
6.542752242663331
6.542752242663331
6.542752242663331
6.542752242663331
6.542752242663331
6.542752242663331
6.542752242663331
6.542752242663331
6.542752242663331
6.542752242663331
6.542752242663331
6.542752242663331
6.542752242663331
6.542752242663331
6.542752242663331
6.542752242663331
6.542752242663331
6.542752242663331
6.45987849410069
6.45987849410069
6.45987849410069
6.45987849410069
6.45987849410069
6.542752242663331
6.542752242663331
6.542752242663331
6.542752242663331
6.542752242663331
6.542752242663331
6.490878974036322
6.490878974036322
6.449620143356535
6.449620143356535
6.449620143356535
6.449620143356535
6.449620143356535
6.449620143356535
6.490878974036322
6.542752242663331
6.449620143356535
6.449620143356535
6.449620143356535
6.490878974036322
6.449620143356535
6.449620143356535
6.449620143356535
6.449620143356535
6.449620143356535
6.449620143356535
6.449620143356535
6.542752242663331
6.542752242663331
6.597114102082091
6.597114102082091
6.597114102082091
6.597114102082091
6.597114102082091
6.597114102082091
6.597114102082091
6.597114102082091
6.490878974036322
6.490878974036322
6.490878974036322
6.490878974036322
6.545240833455081
6.545240833455081
6.5314065054867685
6.5314065054867685
6.5314065054867685
6.5314065054867685
6.5314065054867685
6.5314065054867685
6.544416049579988
6.542752242663331
6.544416049579988
6.544416049579988
6.544416049579988
6.5314065054867685
6.5314065054867685
6.544416049579988
6.544416049579988
6.544416049579988
6.544416049579988
6.544416049579988
6.544416049579988
6.544416049579988
6.544416049579988
6.544416049579988
6.544416049579988
6.544416049579988
6.544416049579988
6.544416049579988
6.542641250932246
6.494057223330802
6.548530074480645
6.548530074480645
6.548530074480645
6.548530074480645
6.548530074480645
6.494057223330802
6.494057223330802
6.494057223330802
6.494057223330802
6.494057223330802
6.481047679237581
6.481047679237581
6.481047679237581
6.481047679237581
6.494057223330802
6.494057223330802
6.494057223330802
6.494057223330802
6.494057223330802
6.548530074480645
6.481047679237581
6.494057223330802
6.548530074480645
6.548530074480645
6.548530074480645
6.548530074480645
6.494057223330802
6.494057223330802
6.534254125947908
6.4823808573209
6.4823808573209
6.4823808573209
6.492542780952979
6.492542780952979
6.492542780952979
6.544416049579988
6.544416049579988
6.544416049579988
6.544416049579988
6.504012074035711
6.540986044880805
6.5158355147794484
6.5158355147794484
6.5158355147794484
6.5158355147794484
6.5158355147794484
6.449620143356535
6.449620143356535
6.449620143356535
6.449620143356535
6.449620143356535
6.449620143356535
6.449620143356535
6.449620143356535
6.490878974036322
6.490878974036322
6.542752242663331
6.542752242663331
6.542752242663331
6.542752242663331
6.542752242663331
6.542752242663331
6.542752242663331
6.490878974036322
6.45987849410069
6.45987849410069
6.45987849410069
6.45987849410069
6.45987849410069
6.45987849410069
6.45987849410069
6.45987849410069
6.45987849410069
6.45987849410069
6.45987849410069
6.45987849410069
6.45987849410069
6.45987849410069
6.45987849410069
6.45987849410069
6.45987849410069
6.45987849410069
6.45987849410069
6.45987849410069
6.45987849410069
6.45987849410069
6.45987849410069
6.45987849410069
6.45987849410069
6.45987849410069
6.45987849410069
6.45987849410069
6.45987849410069
6.45987849410069
6.45987849410069
6.45987849410069
6.45987849410069
6.45987849410069
6.45987849410069
6.45987849410069
6.45987849410069
6.45987849410069
6.45987849410069
6.45987849410069
6.45987849410069
6.45987849410069
6.45987849410069
6.45987849410069
6.45987849410069
6.45987849410069
6.45987849410069
6.45987849410069
6.45987849410069
6.490878974036322
6.490878974036322
6.490878974036322
6.45987849410069
6.45987849410069
6.45987849410069
6.45987849410069
6.45987849410069
6.45987849410069
6.45987849410069
6.45987849410069
6.45987849410069
6.45987849410069
6.45987849410069
6.45987849410069
6.45987849410069
6.45987849410069
6.45987849410069
6.45987849410069
6.45987849410069
6.45987849410069
6.45987849410069
6.45987849410069
6.45987849410069
6.45987849410069
6.45987849410069
6.45987849410069
6.45987849410069
6.45987849410069
6.45987849410069
6.45987849410069
6.45987849410069
6.45987849410069
6.45987849410069
6.45987849410069
6.45987849410069
6.45987849410069
6.45987849410069
6.45987849410069
6.45987849410069
6.45987849410069
6.45987849410069
6.45987849410069
6.45987849410069
6.45987849410069
6.45987849410069
6.45987849410069
6.45987849410069
6.45987849410069
6.45987849410069
6.45987849410069
6.45987849410069
6.45987849410069
6.45987849410069
6.45987849410069
6.45987849410069
6.45987849410069
6.45987849410069
6.45987849410069
6.45987849410069
6.45987849410069
6.45987849410069
6.45987849410069
6.4769411197882985
6.4769411197882985
6.4769411197882985
6.472628413188517
6.682760671556238
6.879807167806955
6.862744542119344
6.812234904911824
6.812234904911824
6.812234904911824
6.846604418317709
6.809816548249787
6.755098691230766
6.779664285052786
6.788739134826017
6.788739134826017
6.788739134826017
6.789932380805057
6.789932380805057
6.789932380805057
6.789932380805057
6.789932380805057
6.789932380805057
6.789932380805057
6.789932380805057
6.789932380805057
6.789932380805057
6.789932380805057
6.789932380805057
6.789932380805057
6.789932380805057
6.789932380805057
6.789932380805057
6.7808575310318275
6.781944604890677
6.781944604890677
6.640445606683784
6.640445606683784
6.640445606683784
6.649520456457014
6.649520456457014
6.649520456457014
6.649520456457014
6.649520456457014
6.649520456457014
6.649520456457014
6.649520456457014
6.649520456457014
6.649520456457014
6.649520456457014
6.649520456457014
6.649520456457014
6.649520456457014
6.649520456457014
6.649520456457014
6.649520456457014
6.649520456457014
6.649520456457014
6.649520456457014
6.649520456457014
6.649520456457014
6.649520456457014
6.649520456457014
6.649520456457014
6.649520456457014
6.649520456457014
6.649520456457014
2.1530799116934447
2.1530799116934447
2.1530799116934447
2.1530799116934447
2.1603224573542628
2.1603224573542628
2.1603224573542628
2.1530799116934447
2.1530799116934447
2.1530799116934447
2.1788155658518646
2.1788155658518646
2.1788155658518646
2.1788155658518646
2.1788155658518646
2.15550500700107
2.1788155658518646
2.15550500700107
2.15550500700107
2.15550500700107
2.15550500700107
2.15550500700107
2.15550500700107
2.15550500700107
2.1788155658518646
2.1788155658518646
2.1788155658518646
2.15550500700107
6.789932380805057
6.789932380805057
6.789932380805057
6.789932380805057
6.789932380805057
6.789932380805057
6.789932380805057
6.789932380805057
6.789932380805057
6.789932380805057
6.789932380805057
6.789932380805057
6.789932380805057
6.789932380805057
6.789932380805057
6.789932380805057
6.789932380805057
6.789932380805057
6.789932380805057
6.789932380805057
6.789932380805057
6.789932380805057
6.789932380805057
6.789932380805057
6.789932380805057
6.789932380805057
6.789932380805057
6.789932380805057
6.789932380805057
6.789932380805057
6.789932380805057
6.789932380805057
6.789932380805057
6.789932380805057
6.789932380805057
6.789932380805057
6.789932380805057
6.789932380805057
6.789932380805057
6.789932380805057
6.789932380805057
6.789932380805057
6.789932380805057
6.789932380805057
6.789932380805057
6.789932380805057
6.789932380805057
6.789932380805057
6.789932380805057
6.789932380805057
6.789932380805057
6.789932380805057
6.622324136566135
6.622324136566135
6.622324136566135
6.789932380805057
6.789932380805057
6.789932380805057
6.789932380805057
6.622324136566135
6.622324136566135
6.622324136566135
6.622324136566135
6.622324136566135
6.622324136566135
6.622324136566135
6.622324136566135
6.622324136566135
6.622324136566135
6.622324136566135
6.622324136566135
6.622324136566135
6.622324136566135
6.622324136566135
6.622324136566135
6.622324136566135
6.622324136566135
6.622324136566135
6.622324136566135
6.622324136566135
6.622324136566135
6.622324136566135
6.622324136566135
6.622324136566135
6.622324136566135
6.622324136566135
6.622324136566135
6.622324136566135
6.622324136566135
6.622324136566135
6.622324136566135
6.622324136566135
6.622324136566135
6.622324136566135
6.622324136566135
6.622324136566135
6.622324136566135
6.622324136566135
6.641560909971446
6.641560909971446
6.641560909971446
6.641560909971446
6.641560909971446
6.641560909971446
6.641560909971446
6.641560909971446
6.622324136566135
6.622324136566135
6.641560909971446
6.641560909971446
6.641560909971446
6.641560909971446
6.641560909971446
6.641560909971446
6.6784249105019144
6.6784249105019144
6.6784249105019144
6.6784249105019144
6.6784249105019144
6.6784249105019144
6.6784249105019144
6.6784249105019144
6.6784249105019144
6.6784249105019144
6.6784249105019144
6.6784249105019144
6.6784249105019144
6.6784249105019144
6.6784249105019144
6.6784249105019144
6.6784249105019144
6.6784249105019144
6.6784249105019144
6.6784249105019144
6.6784249105019144
6.6784249105019144
6.6784249105019144
6.6784249105019144
6.6784249105019144
6.6784249105019144
6.666919256336419
6.64980512634582
6.666919256336419
6.666919256336419
6.666919256336419
6.666919256336419
6.666919256336419
6.6784249105019144
6.6784249105019144
6.666919256336419
6.666919256336419
6.666919256336419
6.666919256336419
6.514849508586641
6.514849508586641
6.531963638577241
6.543469292742737
6.531963638577241
6.531963638577241
6.531963638577241
6.531963638577241
6.531963638577241
6.543469292742737
6.543469292742737
6.543469292742737
6.543469292742737
6.543469292742737
6.543469292742737
6.543469292742737
6.531963638577241
6.531963638577241
6.531963638577241
6.531963638577241
6.531963638577241
6.514849508586641
6.514849508586641
6.531963638577241
6.602123353332431
6.486763791264858
6.486763791264858
6.486763791264858
6.486763791264858
6.486763791264858
6.486763791264858
6.444443484145523
6.444443484145523
6.444443484145523
6.444443484145523
6.444443484145523
6.444443484145523
6.444443484145523
6.444443484145523
6.444443484145523
6.444443484145523
6.444443484145523
6.444443484145523
6.444443484145523
6.444443484145523
6.444443484145523
6.444443484145523
6.444443484145523
6.444443484145523
6.444443484145523
6.444443484145523
6.444443484145523
6.444443484145523
6.559803046213096
6.559803046213096
6.559803046213096
6.559803046213096
6.543466009014386
6.460780521344233
6.444443484145523
6.444443484145523
6.444443484145523
6.444443484145523
6.444443484145523
6.444443484145523
6.444443484145523
6.444443484145523
6.444443484145523
6.444443484145523
6.444443484145523
6.444443484145523
6.444443484145523
6.444443484145523
6.444443484145523
6.444443484145523
6.444443484145523
6.444443484145523
6.444443484145523
6.4372756329466085
6.4372756329466085
6.444443484145523
6.4372756329466085
6.4372756329466085
6.4372756329466085
6.4372756329466085
6.4372756329466085
6.4372756329466085
6.396629297440199
6.4372756329466085
6.4372756329466085
6.4372756329466085
6.4372756329466085
6.4372756329466085
6.4372756329466085
6.4372756329466085
6.4372756329466085
6.4372756329466085
6.4372756329466085
6.396629297440199
6.396629297440199
6.396629297440199
6.396629297440199
6.396629297440199
6.396629297440199
6.396629297440199
6.396629297440199
6.4372756329466085
6.4372756329466085
6.4372756329466085
6.4372756329466085
6.4372756329466085
6.4372756329466085
6.396629297440199
6.396629297440199
6.4372756329466085
6.4372756329466085
6.4536126701453185
6.4536126701453185
6.4536126701453185
6.4536126701453185
6.4536126701453185
6.4536126701453185
6.4536126701453185
6.4536126701453185
6.4536126701453185
6.4536126701453185
6.4536126701453185
6.4536126701453185
6.4536126701453185
6.4536126701453185
6.4536126701453185
6.4536126701453185
6.4536126701453185
6.4536126701453185
6.4536126701453185
6.4536126701453185
6.4536126701453185
6.4536126701453185
6.4536126701453185
6.4536126701453185
6.4536126701453185
6.4536126701453185
6.4536126701453185
6.4536126701453185
6.4536126701453185
6.4536126701453185
6.4536126701453185
6.4536126701453185
6.4536126701453185
6.4536126701453185
6.4536126701453185
6.4372756329466085
6.4372756329466085
1.8746141068873468
1.8746141068873468
1.8534513468961926
1.8532180092327153
1.7768520335270979
1.7173707547186843
1.7173707547186843
1.7173707547186843
1.7173707547186843
1.7550496613202653
1.7768520335270979
1.8314156370258836
1.8314156370258836
1.8314156370258836
1.8314156370258836
1.8314156370258836
1.8532180092327153
1.8532180092327153
1.7768520335270979
1.7768520335270979
1.7768520335270979
1.7768520335270979
1.7768520335270979
1.7550496613202653
1.7550496613202653
1.7550496613202653
1.7550496613202653
1.7550496613202653
1.7550496613202653
1.7550496613202653
1.7160798843047977
6.438949604559532
6.438949604559532
6.438949604559532
6.438949604559532
6.438949604559532
6.479595940065943
6.495932977264653
6.495932977264653
6.503100828463568
6.503100828463568
6.503100828463568
6.503100828463568
6.495932977264653
6.495932977264653
6.495932977264653
6.495932977264653
6.495932977264653
6.495932977264653
6.495932977264653
6.495932977264653
6.495932977264653
6.495932977264653
6.495932977264653
6.495932977264653
6.495932977264653
6.495932977264653
6.495932977264653
6.495932977264653
6.495932977264653
6.495932977264653
6.495932977264653
6.495932977264653
6.495932977264653
6.495932977264653
6.495932977264653
6.495932977264653
6.495932977264653
6.495932977264653
6.495932977264653
6.495932977264653
6.495932977264653
6.495932977264653
6.495932977264653
6.495932977264653
6.495932977264653
6.495932977264653
6.495932977264653
6.495932977264653
6.495932977264653
6.495932977264653
6.503100828463568
6.503100828463568
6.503100828463568
6.503100828463568
6.503100828463568
6.503100828463568
6.503100828463568
6.503100828463568
6.503100828463568
6.503100828463568
6.503100828463568
6.503100828463568
