0
6.473481169211409
6.473481169211409
6.473481169211409
6.473481169211409
6.473481169211409
6.594299739123821
6.560691143378577
6.440679934585168
6.606825179359684
6.606825179359684
6.606825179359684
6.68135166377518
6.606825179359684
6.606825179359684
6.613029741480178
6.613029741480178
6.613029741480178
6.613029741480178
6.606825179359684
6.606825179359684
6.613029741480178
6.613029741480178
6.613029741480178
6.613029741480178
6.613029741480178
6.613029741480178
6.613029741480178
6.613029741480178
6.613029741480178
6.613029741480178
6.613029741480178
6.613029741480178
6.613029741480178
6.613029741480178
6.613029741480178
6.613029741480178
6.613029741480178
6.613029741480178
6.613029741480178
6.613029741480178
6.613029741480178
6.613029741480178
6.613029741480178
6.613029741480178
6.613029741480178
6.613029741480178
6.613029741480178
6.613029741480178
6.613029741480178
6.613029741480178
6.613029741480178
6.613029741480178
6.613029741480178
6.613029741480178
6.613029741480178
6.613029741480178
6.613029741480178
6.613029741480178
6.613029741480178
6.613029741480178
6.613029741480178
6.613029741480178
6.613029741480178
6.613029741480178
6.613029741480178
6.613029741480178
6.613029741480178
6.613029741480178
6.613029741480178
6.613029741480178
6.613029741480178
6.613029741480178
6.613029741480178
6.613029741480178
6.613029741480178
6.613029741480178
6.613029741480178
6.606825179359684
6.606825179359684
6.606825179359684
6.606825179359684
6.606825179359684
6.606825179359684
6.606825179359684
6.606825179359684
6.606825179359684
6.606825179359684
6.606825179359684
6.613029741480178
6.606825179359684
6.606825179359684
6.606825179359684
6.655332575588739
6.655332575588739
6.655332575588739
6.655332575588739
6.655332575588739
6.606825179359684
6.606825179359684
6.68135166377518
6.68135166377518
6.68135166377518
6.68135166377518
6.542251577741469
6.526140083516166
6.526140083516166
6.68135166377518
6.68135166377518
6.68135166377518
6.68135166377518
6.606825179359684
6.606825179359684
6.606825179359684
6.606825179359684
6.606825179359684
6.606825179359684
6.606825179359684
6.606825179359684
6.613029741480178
6.613029741480178
6.606825179359684
6.606825179359684
6.606825179359684
6.606825179359684
6.606825179359684
6.606825179359684
6.613029741480178
6.613029741480178
6.613029741480178
6.613029741480178
6.613029741480178
6.613029741480178
6.613029741480178
6.613029741480178
6.613029741480178
6.613029741480178
6.613029741480178
6.613029741480178
6.613029741480178
6.613029741480178
6.613029741480178
6.613029741480178
6.613029741480178
6.613029741480178
6.613029741480178
6.613029741480178
6.613029741480178
6.613029741480178
6.613029741480178
6.613029741480178
6.613029741480178
6.613029741480178
6.613029741480178
6.613029741480178
6.613029741480178
6.613029741480178
6.613029741480178
6.613029741480178
6.613029741480178
6.613029741480178
6.613029741480178
6.613029741480178
6.613029741480178
6.613029741480178
6.613029741480178
6.613029741480178
6.613029741480178
6.613029741480178
6.613029741480178
6.613029741480178
6.613029741480178
6.613029741480178
6.613029741480178
6.613029741480178
6.613029741480178
6.613029741480178
6.613029741480178
6.613029741480178
6.613029741480178
6.613029741480178
6.613029741480178
6.613029741480178
6.61599839199221
6.61599839199221
6.61599839199221
6.61599839199221
6.61599839199221
6.61599839199221
6.61599839199221
6.61599839199221
6.61599839199221
6.61599839199221
6.61599839199221
6.664505788221264
6.664505788221264
6.664505788221264
6.664505788221264
6.690524876407705
6.690524876407705
6.690524876407705
6.690524876407705
6.690524876407705
6.690524876407705
6.61599839199221
6.61599839199221
6.61599839199221
6.61599839199221
6.664505788221264
6.61599839199221
6.61599839199221
6.61599839199221
6.61599839199221
6.61599839199221
6.61599839199221
6.61599839199221
6.61599839199221
6.61599839199221
6.61599839199221
6.61599839199221
6.61599839199221
6.61599839199221
6.690524876407705
6.61599839199221
6.61599839199221
6.664505788221264
6.560691143378577
6.560691143378577
6.560691143378577
6.560691143378577
6.560691143378577
6.584814649534707
6.584814649534707
6.561493632295859
6.561493632295859
6.561493632295859
6.553271738053242
6.5202648728764885
6.561493632295859
6.561493632295859
6.561493632295859
6.561493632295859
6.561493632295859
6.561493632295859
6.5202648728764885
6.655332575588739
6.577605126521162
6.561493632295859
6.561493632295859
6.561493632295859
6.553271738053242
6.553271738053242
6.553271738053242
6.561493632295859
6.68135166377518
6.68135166377518
6.68135166377518
6.68135166377518
6.606825179359684
6.68135166377518
6.68135166377518
6.68135166377518
6.68135166377518
6.68135166377518
6.68135166377518
6.68135166377518
6.68135166377518
6.68135166377518
6.606825179359684
6.606825179359684
6.606825179359684
6.606825179359684
6.606825179359684
6.606825179359684
6.606825179359684
6.655332575588739
6.655332575588739
6.655332575588739
6.655332575588739
6.655332575588739
6.655332575588739
6.655332575588739
6.655332575588739
6.655332575588739
6.655332575588739
6.655332575588739
6.655332575588739
6.655332575588739
6.655332575588739
6.68135166377518
6.68135166377518
6.68135166377518
6.561493632295859
6.561493632295859
6.561493632295859
6.553271738053242
6.560691143378577
6.560691143378577
6.560691143378577
6.560845437085587
6.560691143378577
6.560691143378577
6.584814649534707
6.584814649534707
6.584814649534707
6.584814649534707
6.560691143378577
6.584814649534707
6.560691143378577
6.560691143378577
6.560845437085587
6.560845437085587
6.560845437085587
6.5016132109119695
6.560691143378577
6.431448301708704
6.384030663878056
6.5155359212484685
6.5155359212484685
6.5155359212484685
6.477801409860726
6.477801409860726
6.5155359212484685
6.384030663878056
6.5155359212484685
6.5155359212484685
6.5155359212484685
6.490347632866268
6.490347632866268
6.490347632866268
6.490347632866268
6.473481169211409
6.473481169211409
6.473481169211409
6.473481169211409
6.490347632866268
6.490347632866268
6.490347632866268
6.477801409860726
6.477801409860726
6.477801409860726
6.384030663878056
6.441362850254606
6.5155359212484685
6.490347632866268
6.5016132109119695
6.5016132109119695
6.5016132109119695
6.517925472873391
6.560845437085587
6.560691143378577
6.560691143378577
6.560691143378577
6.560691143378577
6.560691143378577
6.584814649534707
6.560845437085587
6.560845437085587
6.560691143378577
6.560691143378577
6.560691143378577
6.560691143378577
6.560691143378577
6.584814649534707
6.553271738053242
6.584814649534707
6.560845437085587
6.114072806830992
6.114072806830992
6.114072806830992
5.982193162371061
5.82122137771808
5.921913751723183
5.8175051532528155
5.8175051532528155
5.8175051532528155
5.982193162371061
6.114072806830992
6.1617026443152145
6.1617026443152145
6.166945117838467
6.166945117838467
6.166945117838467
6.1617026443152145
6.1617026443152145
6.166945117838467
6.113764219416973
6.114072806830992
6.114072806830992
6.114072806830992
6.114072806830992
5.9345779110899635
5.982193162371061
6.114072806830992
6.114072806830992
6.114072806830992
6.114072806830992
6.114072806830992
1.890733955544666
1.890733955544666
1.890733955544666
1.9179624042650534
1.9179624042650534
1.9179624042650534
1.9179624042650534
1.9632396436477553
1.9632396436477553
2.013533028147912
2.002336862762454
2.002336862762454
2.002336862762454
2.002336862762454
2.014135869006178
1.8286371669678883
2.014135869006178
1.8465632681528603
1.8465632681528603
1.8465632681528603
1.844468850090384
1.8101007849031974
1.844468850090384
1.844468850090384
1.8286371669678883
1.8286371669678883
1.8286371669678883
1.8465632681528603
6.490347632866268
6.490347632866268
6.5155359212484685
6.490347632866268
6.490347632866268
6.490347632866268
6.490347632866268
6.490347632866268
6.5155359212484685
6.5155359212484685
6.490347632866268
6.490347632866268
6.490347632866268
6.490347632866268
6.490347632866268
6.490347632866268
6.490347632866268
6.490347632866268
6.490347632866268
6.490347632866268
6.490347632866268
6.490347632866268
6.490347632866268
6.490347632866268
6.490347632866268
6.490347632866268
6.490347632866268
6.490347632866268
6.490347632866268
6.5155359212484685
6.441362850254606
6.490347632866268
6.490347632866268
6.490347632866268
6.490347632866268
6.490347632866268
6.473481169211409
6.473481169211409
6.490347632866268
6.490347632866268
6.490347632866268
6.473481169211409
6.490347632866268
6.473481169211409
6.490347632866268
6.441362850254606
6.441362850254606
6.441362850254606
6.384030663878056
6.431448301708704
6.431448301708704
6.431448301708704
6.560845437085587
6.560845437085587
6.560845437085587
6.560845437085587
6.560845437085587
6.5016132109119695
6.517925472873391
6.560845437085587
6.560845437085587
6.560845437085587
6.560845437085587
6.560845437085587
6.560691143378577
6.584814649534707
6.561493632295859
6.561493632295859
6.561493632295859
6.561493632295859
6.664505788221264
6.664505788221264
6.561493632295859
6.553271738053242
6.553271738053242
6.553271738053242
6.560691143378577
6.584814649534707
6.553271738053242
6.553271738053242
6.561493632295859
6.561493632295859
6.561493632295859
6.664505788221264
6.664505788221264
6.584814649534707
6.560691143378577
6.560691143378577
6.560691143378577
6.560691143378577
6.560691143378577
6.560691143378577
6.584814649534707
6.584814649534707
6.553271738053242
6.553271738053242
6.553271738053242
6.584814649534707
6.560845437085587
6.5016132109119695
6.536400477263022
6.560845437085587
6.560845437085587
6.560845437085587
6.5016132109119695
6.560845437085587
6.560845437085587
6.560691143378577
6.560845437085587
6.560845437085587
6.560845437085587
6.560845437085587
6.517925472873391
6.5490646366298035
6.517925472873391
6.440679934585168
6.440679934585168
6.440679934585168
6.440679934585168
6.431448301708704
6.440679934585168
6.384030663878056
6.384030663878056
6.384030663878056
6.384030663878056
6.440679934585168
6.477801409860726
6.5155359212484685
6.5155359212484685
6.5155359212484685
6.5155359212484685
6.5155359212484685
6.384030663878056
6.384030663878056
6.5155359212484685
6.441362850254606
6.440679934585168
6.440679934585168
6.440679934585168
6.440679934585168
6.490347632866268
6.490347632866268
6.490347632866268
6.490347632866268
6.490347632866268
6.490347632866268
6.490347632866268
6.490347632866268
6.490347632866268
6.490347632866268
6.490347632866268
6.490347632866268
6.490347632866268
5.7846569335790115
5.772060969184557
5.788927432839415
5.788927432839415
5.772060969184557
5.772060969184557
5.772060969184557
5.772060969184557
5.772060969184557
5.788927432839415
5.964401918245324
5.788927432839415
5.788927432839415
5.788927432839415
5.788927432839415
5.788927432839415
5.788927432839415
5.788927432839415
5.772060969184557
5.772060969184557
5.772060969184557
5.772060969184557
5.772060969184557
5.788927432839415
5.928299320731302
6.050057348236907
6.050057348236907
6.050057348236907
6.050057348236907
6.050057348236907
6.050057348236907
6.050057348236907
6.240045163207286
6.240045163207286
6.240045163207286
6.238958089348436
6.102567350434687
6.050057348236907
6.050057348236907
6.2128206138875965
6.2128206138875965
6.2128206138875965
6.240045163207286
6.238958089348436
6.050057348236907
6.050057348236907
6.050057348236907
6.050057348236907
6.050057348236907
6.050057348236907
6.050057348236907
6.050057348236907
5.987749157057031
6.00408619425574
6.00408619425574
6.00408619425574
6.00408619425574
5.987749157057031
6.00408619425574
5.987749157057031
6.165323660145002
6.165323660145002
6.165323660145002
6.165323660145002
6.165323660145002
6.165323660145002
6.165323660145002
6.165323660145002
6.165323660145002
6.165323660145002
6.238958089348436
6.075309900309273
6.102567350434687
5.9534200088175995
6.2128206138875965
6.2128206138875965
6.2128206138875965
6.165323660145002
6.238958089348436
6.050057348236907
6.2128206138875965
6.240045163207286
6.240045163207286
6.240045163207286
6.075309900309273
5.9534200088175995
5.964750931365283
6.000570084522919
5.9534200088175995
5.9534200088175995
5.9534200088175995
5.9534200088175995
5.9534200088175995
6.238958089348436
6.050057348236907
6.075309900309273
6.075309900309273
6.075309900309273
6.000570084522919
6.000570084522919
6.064363165184728
6.112745043745784
6.112745043745784
6.112745043745784
6.112745043745784
6.064363165184728
5.964750931365283
5.9534200088175995
6.238958089348436
5.9534200088175995
5.9534200088175995
5.9534200088175995
6.000570084522919
6.107799504448442
5.987749157057031
6.050057348236907
5.950063440362166
5.950063440362166
5.950063440362166
5.928299320731302
6.00408619425574
5.950063440362166
5.9317753808247335
5.9317753808247335
5.9317753808247335
5.9317753808247335
5.7821445050997
5.7846569335790115
5.788927432839415
5.772060969184557
5.9317753808247335
5.9317753808247335
5.9317753808247335
5.772060969184557
5.7821445050997
5.7846569335790115
5.788927432839415
5.788927432839415
5.788927432839415
5.788927432839415
5.7846569335790115
5.772060969184557
5.7846569335790115
5.7846569335790115
5.772060969184557
5.772060969184557
5.772060969184557
5.846714073495625
5.772060969184557
5.7846569335790115
5.9317753808247335
5.987749157057031
5.987749157057031
2.6415163499422247
2.6415163499422247
2.705704617341289
3.1191379767114737
3.1191379767114737
3.1191379767114737
3.1191379767114737
3.1191379767114737
3.1191379767114737
3.1191379767114737
3.1191379767114737
3.1191379767114737
3.1191379767114737
3.1191379767114737
3.1191379767114737
3.1191379767114737
3.1191379767114737
3.1191379767114737
3.1191379767114737
3.1191379767114737
3.1191379767114737
3.1191379767114737
3.1191379767114737
3.1191379767114737
3.1191379767114737
3.1191379767114737
3.1191379767114737
3.1191379767114737
3.1191379767114737
3.1191379767114737
3.1191379767114737
6.167146288612732
6.167146288612732
5.902135421706683
5.902135421706683
5.902135421706683
6.140033272883057
5.999666238700229
5.809115185973842
6.100493789155032
5.908334734047223
5.908334734047223
5.908334734047223
5.8385106097753585
5.699492174685447
5.809115185973842
5.809115185973842
5.809115185973842
5.809115185973842
5.809115185973842
5.809115185973842
5.809115185973842
5.809115185973842
5.786250020306269
5.91630269841038
5.91630269841038
5.91630269841038
5.798845984700723
5.809115185973842
5.809115185973842
5.809115185973842
5.809115185973842
5.809115185973842
5.809115185973842
5.786250020306269
5.809115185973842
5.786250020306269
5.999666238700229
5.999666238700229
5.999666238700229
5.999666238700229
5.999666238700229
5.798845984700723
5.798845984700723
5.809115185973842
5.786250020306269
5.786250020306269
5.786250020306269
5.798845984700723
5.786250020306269
5.809115185973842
5.908334734047223
6.100493789155032
6.100493789155032
6.100493789155032
5.80764236004212
6.100185201741013
5.968614144695101
5.803926135576856
5.968614144695101
5.968614144695101
5.968614144695101
6.100493789155032
